MASTER_CELL_ID	Drug1_pub	Drug2_pub	Bliss_matrix	HSA_matrix
953	54761306	23725625	0.051247237	0.062189249
953	24856436	23725625	-0.016143984	0.010222335
953	24856436	54761306	0.006072098	0.044585627
953	16007391	23725625	0.000707365	0.018411482
953	16007391	54761306	-0.078053474	-0.048414995
953	16007391	24856436	0.014343777	0.032509207
953	118502708	24856436	-0.015937372	-0.00685907
953	135151360	23725625	-0.040654977	-0.031005919
953	118502708	54761306	0.048980171	0.056163868
953	118502708	16007391	-0.013487876	-0.00692829
953	54761306	23725625	0.012316083	0.027473676
953	24856436	23725625	0.002036992	0.018023621
953	24856436	54761306	0.074664614	0.10751858
953	16007391	23725625	0.07122939	0.084150983
953	16007391	54761306	-0.063540821	-0.032865542
953	16007391	24856436	0.027512639	0.045984355
953	118502708	24856436	-0.027539	-0.01594993
953	135151360	23725625	-0.027359257	-0.018254743
953	118502708	54761306	0.03783465	0.044685915
953	118502708	16007391	-0.008115349	-0.001970363
953	54761306	23725625	0.016817138	0.032712945
953	24856436	23725625	-0.027768048	-0.004793866
953	24856436	54761306	0.012333216	0.048092992
953	16007391	23725625	0.005200736	0.024718453
953	16007391	54761306	-0.071144756	-0.042369865
953	16007391	24856436	-0.023405678	-0.001646656
953	118502708	24856436	-0.011674238	-0.003311704
953	135151360	23725625	-0.033867101	-0.024532459
953	118502708	54761306	-0.007087974	0.002044896
953	118502708	16007391	-0.008788935	-0.002358359
953	135151360	24856436	0.041071843	0.056013849
953	135151360	118502708	0.009963065	0.015563404
953	135151360	54761306	0.027927321	0.035142537
953	135151360	16007391	0.054272653	0.065456951
953	46700756	23725625	-0.06569779	-0.048936198
953	46700756	54761306	-0.007513704	0.029778064
953	46700756	24856436	0.123345977	0.161206321
953	46700756	118502708	0.022445056	0.035797437
953	46700756	135151360	-0.009973847	0.011765461
953	46700756	104842	-0.05969478	-0.015080969
953	104842	23725625	0.037752739	0.051119944
953	31703	135151360	0.089839198	0.110848284
953	90132565	23725625	-0.030379159	-0.022043705
953	104842	118502708	0.024868424	0.033097014
953	3082962	23725625	-0.057013468	-0.051061191
953	135151360	24856436	0.04538047	0.062889052
953	135151360	118502708	0.017726029	0.023247749
953	135151360	54761306	0.046027532	0.057577053
953	135151360	16007391	0.025089802	0.042724345
953	46700756	23725625	-0.054914124	-0.035910434
953	46700756	54761306	-0.024618136	0.013628608
953	46700756	24856436	0.087696457	0.131581333
953	46700756	118502708	0.04656922	0.054827472
953	46700756	135151360	0.006720742	0.02720468
953	46700756	104842	-0.054942505	-0.010346946
953	104842	23725625	0.055047197	0.069919351
953	31703	135151360	0.083333348	0.102999582
953	90132565	23725625	-0.018690679	-0.010985347
953	104842	118502708	0.033329087	0.045536103
953	3082962	23725625	0.003555087	0.008655515
953	135151360	24856436	0.033773896	0.0516487
953	135151360	118502708	0.024943904	0.029858935
953	135151360	54761306	0.049794245	0.056101576
953	135151360	16007391	0.018473014	0.032862721
953	46700756	23725625	-0.010140733	0.007928767
953	46700756	54761306	0.007834172	0.042893972
953	46700756	24856436	0.1078374	0.147247399
953	46700756	118502708	0.003964073	0.01860488
953	46700756	135151360	0.037305749	0.047712508
953	46700756	104842	-0.096315964	-0.050614897
953	104842	23725625	0.048565426	0.058845689
953	31703	135151360	0.123010614	0.138655647
953	90132565	23725625	-0.033703723	-0.027179297
953	104842	118502708	0.008750672	0.016448156
953	3082962	23725625	-0.023806891	-0.016835891
953	54761306	23725625	0.023447156	0.039838883
953	24856436	23725625	-0.001861405	0.020836959
953	24856436	54761306	0.045481828	0.078357741
953	16007391	23725625	0.032375917	0.045208023
953	16007391	54761306	-0.029787501	-0.00313544
953	16007391	24856436	0.037817171	0.056450058
953	118502708	24856436	-0.036160431	-0.027766338
953	135151360	23725625	-0.020267022	-0.009664903
953	118502708	54761306	0.041356083	0.052234108
953	118502708	16007391	-0.028559137	-0.022280876
953	54761306	23725625	0.013706249	0.03322121
953	24856436	23725625	-0.005375325	0.016354062
953	24856436	54761306	0.031265955	0.066862667
953	16007391	23725625	0.029642834	0.042899334
953	16007391	54761306	-0.053474707	-0.027079764
953	16007391	24856436	0.01365055	0.036661326
953	118502708	24856436	-0.014601483	-0.005934278
953	135151360	23725625	-0.043184449	-0.032505364
953	118502708	54761306	0.048439981	0.055112358
953	118502708	16007391	-0.000631892	0.005710853
953	54761306	23725625	0.039179155	0.056051289
953	24856436	23725625	-0.023585696	-0.001818173
953	24856436	54761306	0.040408714	0.073331099
953	16007391	23725625	0.024867224	0.03909323
953	16007391	54761306	-0.037648177	-0.010304457
953	16007391	24856436	0.027459738	0.051370023
953	118502708	24856436	-0.027520127	-0.014075902
953	135151360	23725625	-0.018197519	-0.006627451
953	118502708	54761306	0.041939299	0.048600486
953	118502708	16007391	0.002704096	0.008782482
953	135151360	24856436	0.035765579	0.050582527
953	135151360	118502708	0.030318475	0.034136491
953	135151360	54761306	0.030097948	0.041308938
953	135151360	16007391	0.01569065	0.023113466
953	46700756	23725625	-0.073486517	-0.05954031
953	46700756	54761306	-0.001249303	0.032092293
953	46700756	24856436	0.093828391	0.135738665
953	46700756	118502708	0.057435752	0.06424515
953	46700756	135151360	0.000714169	0.011549833
953	46700756	104842	-0.028678207	0.015610522
953	104842	23725625	0.059048984	0.073198857
953	31703	135151360	0.095541575	0.107553452
953	90132565	23725625	-0.030600374	-0.024476823
953	104842	118502708	0.043763761	0.056459519
953	3082962	23725625	-0.013962496	-0.007183391
953	135151360	24856436	0.032526471	0.046669372
953	135151360	118502708	0.026805696	0.031460095
953	135151360	54761306	0.039119577	0.054584974
953	135151360	16007391	-0.002095662	0.012960806
953	46700756	23725625	0.001277363	0.017515438
953	46700756	54761306	0.000400731	0.034184695
953	46700756	24856436	0.081400037	0.121112697
953	46700756	118502708	-0.005302575	0.001602745
953	46700756	135151360	0.021461446	0.033854435
953	46700756	104842	-0.046981906	-0.002483522
953	104842	23725625	0.041662003	0.05926486
953	31703	135151360	0.110516975	0.125027888
953	90132565	23725625	0.000255812	0.005544252
953	104842	118502708	0.0240376	0.029927991
953	3082962	23725625	-0.019861028	-0.013798125
953	135151360	24856436	0.026215028	0.042882571
953	135151360	118502708	0.023757106	0.027591983
953	135151360	54761306	0.004357527	0.017876773
953	135151360	16007391	0.021900007	0.033532096
953	46700756	23725625	-0.056288278	-0.040808442
953	46700756	54761306	0.033737144	0.064859211
953	46700756	24856436	0.127854017	0.162996688
953	46700756	118502708	0.009790454	0.016572109
953	46700756	135151360	0.002887704	0.021276046
953	46700756	104842	-0.025355423	0.016489372
953	104842	23725625	0.090203447	0.100673772
953	31703	135151360	0.093698602	0.103942756
953	90132565	23725625	-0.009344434	-0.003018308
953	104842	118502708	0.038683388	0.054441138
953	3082962	23725625	0.012570897	0.01842662
953	54761306	23725625	-0.034561608	-0.018136453
953	24856436	23725625	-0.095644487	-0.067253006
953	24856436	54761306	-0.035351151	-0.000805142
953	16007391	23725625	0.003870392	0.018201891
953	16007391	54761306	-0.064462334	-0.040756675
953	16007391	24856436	-0.021787784	0.000833967
953	118502708	24856436	-0.054983399	-0.042780794
953	135151360	23725625	-0.060449057	-0.050448501
953	118502708	54761306	0.023719105	0.030614463
953	118502708	16007391	-0.026423573	-0.020273819
953	54761306	23725625	0.013602122	0.024471692
953	24856436	23725625	-0.050841877	-0.031094566
953	24856436	54761306	-0.003658503	0.02718753
953	16007391	23725625	-0.004768821	0.010520723
953	16007391	54761306	-0.032708757	-0.012480165
953	16007391	24856436	-0.029451966	-0.012060331
953	118502708	24856436	-0.008014954	0.0011416
953	135151360	23725625	-0.027061095	-0.01981428
953	118502708	54761306	0.041428821	0.047774582
953	118502708	16007391	-0.005464145	0.000205245
953	54761306	23725625	0.032063936	0.041174844
953	24856436	23725625	-0.037486423	-0.015855519
953	24856436	54761306	0.063827366	0.087144258
953	16007391	23725625	-0.019238585	-0.006856746
953	16007391	54761306	-0.057252534	-0.034877442
953	16007391	24856436	-0.009644523	0.011247775
953	118502708	24856436	-0.025004261	-0.015092586
953	135151360	23725625	-0.02839275	-0.023043801
953	118502708	54761306	0.043076803	0.049377074
953	118502708	16007391	-0.032135566	-0.026117474
953	135151360	24856436	0.021675494	0.042760203
953	135151360	118502708	0.008236902	0.01347546
953	135151360	54761306	0.010996291	0.021692788
953	135151360	16007391	0.009573159	0.023710838
953	46700756	23725625	-0.012398811	-0.000320193
953	46700756	54761306	-0.067068145	-0.038753707
953	46700756	24856436	0.060310432	0.096873223
953	46700756	118502708	0.008289932	0.015832596
953	46700756	135151360	0.009762038	0.016741124
953	31703	135151360	0.020400964	0.032198299
953	90132565	23725625	-0.048340965	-0.042750897
953	104842	118502708	-0.032415463	-0.025731446
953	3082962	23725625	0.003673092	0.008445026
953	135151360	24856436	-0.015909815	0.005644665
953	135151360	118502708	-0.010576274	-0.003514528
953	135151360	54761306	-0.006502381	0.006774943
953	135151360	16007391	-0.044501243	-0.031679652
953	46700756	23725625	-0.041914205	-0.024403308
953	46700756	54761306	-0.055103993	-0.027007727
953	46700756	24856436	0.071203634	0.098845573
953	46700756	118502708	0.026206711	0.032954725
953	46700756	135151360	0.002809723	0.010719838
953	31703	135151360	0.003719263	0.012725079
953	90132565	23725625	-0.034352786	-0.02912123
953	104842	118502708	-0.058665469	-0.052136726
953	3082962	23725625	-0.012025168	-0.005558858
953	135151360	24856436	0.0028465	0.023007551
953	135151360	118502708	0.008195721	0.013411035
953	135151360	54761306	-0.022112832	-0.003246623
953	135151360	16007391	0.038038456	0.049287503
953	46700756	23725625	-0.074870449	-0.054437033
953	46700756	54761306	-0.053874114	-0.02385645
953	46700756	24856436	0.07276241	0.107407946
953	46700756	118502708	0.000479736	0.007193282
953	46700756	135151360	-0.007654485	0.000891553
953	31703	135151360	-0.004211601	0.004418235
953	90132565	23725625	-0.057280967	-0.051543663
953	104842	118502708	-0.05670399	-0.048769655
953	3082962	23725625	-0.013308029	-0.00838792
953	54761306	23725625	0.023759318	0.030152099
953	24856436	23725625	-0.029981108	-0.005371138
953	24856436	54761306	0.012161092	0.044388007
953	16007391	23725625	0.033348448	0.04883342
953	16007391	54761306	-0.085516999	-0.057542405
953	16007391	24856436	0.02593202	0.035455177
953	118502708	24856436	-0.014082764	-0.005287863
953	135151360	23725625	-0.022087874	-0.015762778
953	118502708	54761306	0.027092507	0.033531197
953	118502708	16007391	-0.018536894	-0.01143493
953	54761306	23725625	0.059804293	0.069255553
953	24856436	23725625	-0.066632733	-0.041599538
953	24856436	54761306	0.015402192	0.048727566
953	16007391	23725625	0.018319987	0.034837771
953	16007391	54761306	-0.081664136	-0.055379866
953	16007391	24856436	-0.045271106	-0.032022086
953	118502708	24856436	-0.03327714	-0.023253155
953	135151360	23725625	-0.00668901	-0.000611554
953	118502708	54761306	0.023243966	0.030272656
953	118502708	16007391	-0.006792616	-0.00051348
953	54761306	23725625	0.029091478	0.040133229
953	24856436	23725625	0.002608633	0.022868957
953	24856436	54761306	0.017558649	0.048747054
953	16007391	23725625	0.002370986	0.02034366
953	16007391	54761306	-0.044995421	-0.020431812
953	16007391	24856436	0.025046091	0.033190533
953	118502708	24856436	-0.010920279	-0.000510934
953	135151360	23725625	-0.043942703	-0.037339373
953	118502708	54761306	0.03009898	0.036484938
953	118502708	16007391	-0.02361066	-0.017325799
953	135151360	24856436	0.062179946	0.070658897
953	135151360	118502708	0.010825943	0.016240155
953	135151360	54761306	0.040275228	0.046713132
953	135151360	16007391	0.111046551	0.116505166
953	46700756	23725625	-0.06180572	-0.052002644
953	46700756	54761306	0.042300388	0.070939409
953	46700756	24856436	0.133749862	0.164778487
953	46700756	118502708	0.076415841	0.085395076
953	46700756	135151360	-0.007530156	0.014495146
953	46700756	104842	-0.035716342	0.007993215
953	104842	23725625	0.026482893	0.040411178
953	31703	135151360	0.092340222	0.105901347
953	90132565	23725625	-0.043547137	-0.036330126
953	104842	118502708	0.01684717	0.03296648
953	3082962	23725625	-0.018323153	-0.012163388
953	135151360	24856436	0.015038786	0.034198376
953	135151360	118502708	0.022326547	0.027725775
953	135151360	54761306	0.064525027	0.073758836
953	135151360	16007391	0.063972701	0.073355518
953	46700756	23725625	0.01098367	0.029697796
953	46700756	54761306	0.006663774	0.037222188
953	46700756	24856436	0.107375185	0.140621974
953	46700756	118502708	0.035883349	0.046886839
953	46700756	135151360	0.005090398	0.025865079
953	46700756	104842	-0.059377837	-0.014723778
953	104842	23725625	0.05853171	0.076477358
953	31703	135151360	0.107580094	0.114363183
953	90132565	23725625	-0.024629282	-0.020344923
953	104842	118502708	0.0392372	0.04577269
953	3082962	23725625	-0.007349009	-0.00214394
953	54761306	23725625	-0.014645268	0.00278058
953	24856436	23725625	0.013079083	0.036942419
953	24856436	54761306	0.039698264	0.07476223
953	16007391	23725625	0.002891961	0.018334406
953	16007391	54761306	-0.063183075	-0.038059325
953	16007391	24856436	0.012424665	0.026935099
953	118502708	24856436	-0.03201398	-0.023667578
953	135151360	23725625	-0.038249314	-0.031360385
953	118502708	54761306	0.046670473	0.054251166
953	118502708	16007391	-0.011234207	-0.005717495
953	54761306	23725625	0.046227851	0.059164402
953	24856436	23725625	0.028672966	0.046365494
953	24856436	54761306	-0.035147302	0.007918983
953	16007391	23725625	-0.008335838	0.008567977
953	16007391	54761306	-0.043799203	-0.020343741
953	16007391	24856436	0.047791242	0.060494496
953	118502708	24856436	-0.023275893	-0.014629373
953	135151360	23725625	-0.018366987	-0.013330696
953	118502708	54761306	0.019043265	0.02565668
953	118502708	16007391	-0.007233169	-0.001432899
953	54761306	23725625	0.01747172	0.034517182
953	24856436	23725625	-0.035032937	-0.009714579
953	24856436	54761306	-0.009828305	0.029198287
953	16007391	23725625	0.000569299	0.019475518
953	16007391	54761306	-0.003914923	0.017749453
953	16007391	24856436	0.040513065	0.056232598
953	118502708	24856436	-0.038930052	-0.03026606
953	135151360	23725625	-0.039461264	-0.03353938
953	118502708	54761306	0.051691798	0.058181374
953	118502708	16007391	-0.026697771	-0.020403777
953	135151360	24856436	0.005827574	0.033501694
953	135151360	118502708	-0.012414247	-0.007073319
953	135151360	54761306	-0.012923995	0.009326671
953	135151360	16007391	0.064274769	0.080176296
953	46700756	23725625	0.002468545	0.023705916
953	46700756	54761306	0.020982234	0.055579656
953	46700756	24856436	0.098055117	0.145822601
953	46700756	118502708	-0.002185834	0.006452541
953	46700756	135151360	0.018353035	0.025868749
953	46700756	104842	-0.021666393	0.018988236
953	104842	23725625	0.069880859	0.082608785
953	31703	135151360	0.059238098	0.069575604
953	90132565	23725625	-0.00310716	0.00185093
953	104842	118502708	-0.00201815	0.0100712
953	3082962	23725625	-1.35e-05	0.003930769
953	135151360	24856436	0.013027811	0.037465989
953	135151360	118502708	0.011349936	0.018115373
953	135151360	54761306	0.044204462	0.060579567
953	135151360	16007391	0.031169064	0.048950966
953	46700756	23725625	0.003116058	0.023465298
953	46700756	54761306	0.016658275	0.051905507
953	46700756	24856436	0.067992526	0.112823197
953	46700756	118502708	0.013835915	0.021806385
953	46700756	135151360	-0.00752507	0.00096379
953	46700756	104842	-0.007708449	0.033281239
953	104842	23725625	0.00586986	0.015946227
953	31703	135151360	0.055414283	0.070809466
953	90132565	23725625	-0.028769794	-0.02339208
953	104842	118502708	-0.017356947	-0.008431622
953	3082962	23725625	-0.032285787	-0.026919504
953	135151360	24856436	0.009075274	0.036577507
953	135151360	118502708	-0.001657531	0.004647337
953	135151360	54761306	0.025527637	0.042216094
953	135151360	16007391	0.031441715	0.050279224
953	46700756	23725625	0.012624176	0.031201647
953	46700756	54761306	0.01176012	0.046060789
953	46700756	24856436	0.088846364	0.139063747
953	46700756	118502708	0.009431559	0.016222864
953	46700756	135151360	0.02067965	0.037530557
953	46700756	104842	-0.031549429	0.012453654
953	104842	23725625	0.070468764	0.081729362
953	31703	135151360	0.087472611	0.099876049
953	90132565	23725625	-0.028684452	-0.022030681
953	104842	118502708	-0.020870456	-0.011318256
953	3082962	23725625	-0.030395539	-0.024816816
953	54761306	23725625	0.043402086	0.063400588
953	24856436	23725625	-0.010983209	0.018336222
953	24856436	54761306	0.017308402	0.059736038
953	16007391	23725625	-0.006291037	0.011762868
953	16007391	54761306	-0.040189016	-0.013765549
953	16007391	24856436	-0.036215406	-0.018028926
953	118502708	24856436	-0.031970768	-0.02252383
953	135151360	23725625	-0.057863335	-0.050287717
953	118502708	54761306	0.013552883	0.021828523
953	118502708	16007391	-0.030113791	-0.024146335
953	54761306	23725625	0.029389033	0.046744477
953	24856436	23725625	-0.002276853	0.026498699
953	24856436	54761306	-0.000936456	0.044295108
953	16007391	23725625	0.01653248	0.03525326
953	16007391	54761306	-0.079395456	-0.050395705
953	16007391	24856436	0.038510002	0.050204651
953	118502708	24856436	-0.037852013	-0.027297867
953	135151360	23725625	-0.042411521	-0.033002348
953	118502708	54761306	0.009829563	0.016601006
953	118502708	16007391	-0.004184995	0.001295777
953	135151360	24856436	0.033329187	0.060977401
953	135151360	118502708	0.01651597	0.022526889
953	135151360	54761306	0.018326319	0.03415867
953	135151360	16007391	-0.034753095	-0.016172736
953	46700756	23725625	-0.008312215	0.015961603
953	46700756	54761306	0.003352721	0.042107617
953	46700756	24856436	0.113715059	0.154911294
953	46700756	118502708	-0.03140422	-0.020944362
953	46700756	135151360	-0.014520626	-0.006089363
953	46700756	104842	-0.0239736	0.019945744
953	104842	23725625	0.067364364	0.089872453
953	31703	135151360	0.092098037	0.099537281
953	90132565	23725625	-0.020312398	-0.015136787
953	104842	118502708	0.025456042	0.032938534
953	3082962	23725625	-0.03319149	-0.027620648
953	135151360	24856436	0.021532513	0.050908389
953	135151360	118502708	0.024567026	0.032732651
953	135151360	54761306	0.103455484	0.11387743
953	135151360	16007391	0.0145901	0.0349638
953	46700756	23725625	0.014261535	0.03753804
953	46700756	54761306	0.01869466	0.056814005
953	46700756	24856436	0.030636217	0.078536077
953	46700756	118502708	-0.027510558	-0.013163157
953	46700756	135151360	7.32e-05	0.014539432
953	46700756	104842	-0.047808113	-0.002000701
953	104842	23725625	0.061943853	0.08329985
953	31703	135151360	0.095834102	0.102949487
953	90132565	23725625	-0.043073433	-0.037469384
953	104842	118502708	0.023827111	0.034557595
953	3082962	23725625	-0.010965186	-0.005674311
953	135151360	24856436	0.018276493	0.05018097
953	135151360	118502708	0.035658656	0.044654523
953	135151360	54761306	0.076252381	0.084853899
953	135151360	16007391	0.0553171	0.069082807
953	46700756	23725625	-0.000200483	0.021368708
953	46700756	54761306	0.058342186	0.093641814
953	46700756	24856436	0.052297847	0.100612671
953	46700756	118502708	0.028502805	0.039155646
953	46700756	135151360	0.011951058	0.027903905
953	46700756	104842	-0.060742926	-0.014442608
953	104842	23725625	0.081173318	0.098301977
953	31703	135151360	0.090036749	0.099094366
953	90132565	23725625	-0.055351278	-0.049683217
953	104842	118502708	0.01500892	0.026706076
953	3082962	23725625	-0.055835653	-0.049641323
953	131634760	24856436	0.062077502	0.078232854
953	131634760	118502708	0.005264378	0.016171182
953	131634760	54761306	0.032024641	0.045047872
953	131634760	16007391	0.095413929	0.106739222
953	131634760	135151360	-0.020718467	-0.009799262
953	131634760	25227436	-0.00233434	0.006579467
953	131634760	52913813	0.010697534	0.021620895
953	131634760	10127622	-0.01679988	0.018561857
953	131634760	49846579	-0.029153461	-0.009607338
953	86661883	54761306	-0.016748646	0.005059798
953	86661883	24856436	-0.004504324	0.010519402
953	86661883	118502708	-0.007905128	0.002726601
953	86661883	25227436	-0.031488238	-0.021548447
953	86661883	16007391	0.03167365	0.043855895
953	86661883	135151360	-0.047060949	-0.035557763
953	131634760	24856436	0.070062998	0.086142845
953	131634760	118502708	0.04271106	0.052458796
953	131634760	54761306	0.061537873	0.073894386
953	131634760	16007391	0.101745865	0.11488878
953	131634760	135151360	-0.016108288	-0.005056974
953	131634760	25227436	-0.004518175	0.003358951
953	131634760	52913813	-0.00410584	0.008684392
953	131634760	10127622	0.010239455	0.028011806
953	131634760	49846579	-0.016477543	-0.001267751
953	86661883	54761306	-0.033837179	-0.003273464
953	86661883	24856436	0.002841685	0.01741157
953	86661883	118502708	-0.029513276	-0.019697672
953	86661883	25227436	-0.038868564	-0.029989793
953	86661883	16007391	0.011990455	0.023881579
953	86661883	135151360	-0.030168745	-0.021984008
953	131634760	24856436	0.0854549	0.101002898
953	131634760	118502708	0.002107657	0.013056985
953	131634760	54761306	0.019717856	0.032390693
953	131634760	16007391	0.075626788	0.094814971
953	131634760	135151360	-0.020203363	-0.009521838
953	131634760	25227436	-0.006528679	0.001788334
953	131634760	52913813	0.015791279	0.030742546
953	131634760	10127622	-0.017355413	0.016735739
953	131634760	49846579	0.013386987	0.027707686
953	86661883	54761306	-0.027230004	0.00077143
953	86661883	24856436	-0.001585881	0.013433911
953	86661883	118502708	-0.043330577	-0.027756451
953	86661883	25227436	-0.044488091	-0.032218976
953	86661883	16007391	0.018175342	0.031467579
953	86661883	135151360	-0.033203684	-0.023174651
953	86661883	10127622	0.037769755	0.067565143
953	86661883	52913813	0.044910581	0.05491755
953	49846579	54761306	-0.027635109	-0.00540599
953	49846579	24856436	-0.010722254	0.004112958
953	49846579	16007391	-0.000761039	0.010797434
953	49846579	118502708	-0.016046419	-0.008058422
953	49846579	135151360	-0.032784268	-0.022540785
953	49846579	25227436	-0.051044132	-0.038949241
953	49846579	52913813	-0.038619876	-0.030601571
953	11707110	51001932	0.215357993	0.233541883
953	49846579	24771867	-0.007757236	0.006001546
953	49846579	10127622	0.011421602	0.027613155
953	46700756	104842	-0.014174764	0.047526996
953	86661883	10127622	-0.01569886	0.020804326
953	86661883	52913813	-0.019459476	-0.004632065
953	49846579	54761306	-0.067853018	-0.045357118
953	49846579	24856436	0.004522252	0.025118547
953	49846579	16007391	-0.009453899	0.007297075
953	49846579	118502708	-0.018404259	-0.010862705
953	49846579	135151360	-0.048802853	-0.038540938
953	49846579	25227436	-0.01977231	-0.007170974
953	49846579	52913813	-0.048351003	-0.039695862
953	11707110	51001932	0.139276668	0.155372894
953	49846579	24771867	0.043777547	0.058224064
953	49846579	10127622	-0.013805495	-0.000663558
953	46700756	104842	-0.003471862	0.060451012
953	86661883	10127622	0.004422349	0.036711179
953	86661883	52913813	-0.010372868	0.004540209
953	49846579	54761306	-0.097491762	-0.063608777
953	49846579	24856436	-0.006464311	0.00836425
953	49846579	16007391	-0.025846166	-0.011585729
953	49846579	118502708	-0.002954378	0.004788254
953	49846579	135151360	-0.039885131	-0.0287041
953	49846579	25227436	-0.058995307	-0.040404118
953	49846579	52913813	-0.045340965	-0.036276974
953	11707110	51001932	0.249195952	0.26595422
953	49846579	24771867	0.045658009	0.060067904
953	49846579	10127622	-0.029129772	-0.016208865
953	46700756	104842	-0.000790822	0.062236773
953	131634760	24856436	0.00920135	0.048365887
953	131634760	118502708	0.003965855	0.016512377
953	131634760	54761306	0.026962579	0.040578555
953	131634760	16007391	0.083339387	0.098516943
953	131634760	135151360	-0.005789192	0.00513204
953	131634760	25227436	-0.033587534	-0.023384039
953	131634760	52913813	-0.017291103	-0.003687559
953	131634760	10127622	0.028129374	0.051963589
953	131634760	49846579	-0.011822586	0.004288095
953	86661883	54761306	-0.035761163	-0.007726302
953	86661883	24856436	0.055406626	0.06954299
953	86661883	118502708	-0.034305685	-0.025015312
953	86661883	25227436	-0.048590986	-0.039090433
953	86661883	16007391	0.028150957	0.039594073
953	86661883	135151360	-0.035234136	-0.026989524
953	131634760	24856436	0.049144929	0.076863028
953	131634760	118502708	0.012911412	0.021437415
953	131634760	54761306	0.035751313	0.049245496
953	131634760	16007391	0.030732764	0.05563525
953	131634760	135151360	-0.02953347	-0.017750306
953	131634760	25227436	-0.022092314	-0.013744984
953	131634760	52913813	0.031871832	0.042566829
953	131634760	10127622	0.018740272	0.040237039
953	131634760	49846579	-0.002462826	0.009393527
953	86661883	54761306	-0.039874131	-0.009780745
953	86661883	24856436	0.005303949	0.020351716
953	86661883	118502708	-0.053771514	-0.042401424
953	86661883	25227436	-0.044623807	-0.036316245
953	86661883	16007391	-0.004429973	0.008783139
953	86661883	135151360	-0.038260433	-0.028498025
953	131634760	24856436	0.005889904	0.041141386
953	131634760	118502708	0.007725983	0.018441367
953	131634760	54761306	0.027262675	0.040239749
953	131634760	16007391	0.018976641	0.048020573
953	131634760	135151360	-0.038468983	-0.022667369
953	131634760	25227436	-0.019914262	-0.011207155
953	131634760	52913813	-0.034499607	-0.016620179
953	131634760	10127622	-0.007750898	0.018775287
953	131634760	49846579	0.023470033	0.036936428
953	86661883	54761306	-0.039450734	-0.009102385
953	86661883	24856436	0.011889056	0.026918705
953	86661883	118502708	-0.054912368	-0.044147893
953	86661883	25227436	-0.054707428	-0.045103712
953	86661883	16007391	0.00973077	0.021724162
953	86661883	135151360	-0.026012181	-0.017891955
953	86661883	10127622	0.000895131	0.04350954
953	86661883	52913813	-0.030173344	-0.003378991
953	49846579	54761306	-0.089360555	-0.05364242
953	49846579	24856436	-0.056332078	-0.037277027
953	49846579	16007391	-0.017982123	-0.00174069
953	49846579	118502708	-0.024959213	-0.015207723
953	49846579	135151360	-0.030121298	-0.016469294
953	49846579	25227436	-0.034918745	-0.024511922
953	49846579	52913813	-0.034063476	-0.025956832
953	11707110	51001932	0.078341528	0.105043293
953	49846579	24771867	0.026527689	0.039139635
953	49846579	10127622	-0.04828367	-0.034850594
953	46700756	104842	0.011974227	0.067077335
953	86661883	10127622	0.081854999	0.116377172
953	86661883	52913813	-0.017481258	-0.000333594
953	49846579	54761306	-0.052754164	-0.019204084
953	49846579	24856436	-0.014180973	0.001252912
953	49846579	16007391	-0.015808352	-0.001846088
953	49846579	118502708	0.004666672	0.014645182
953	49846579	135151360	-0.028339986	-0.014537565
953	49846579	25227436	-0.066050642	-0.049712329
953	49846579	52913813	-0.026379946	-0.017826439
953	11707110	51001932	0.055989614	0.086045793
953	49846579	24771867	0.029397299	0.046008797
953	49846579	10127622	-0.03620671	-0.022184317
953	46700756	104842	-0.012613087	0.044785729
953	86661883	10127622	0.009172053	0.053249191
953	86661883	52913813	0.012424875	0.027008321
953	49846579	54761306	-0.010194092	0.016890689
953	49846579	24856436	-0.005116917	0.009933465
953	49846579	16007391	-0.004533914	0.010230862
953	49846579	118502708	0.001631054	0.011553016
953	49846579	135151360	-0.030346944	-0.014770631
953	49846579	25227436	-0.065011676	-0.049324184
953	49846579	52913813	-0.032626405	-0.024553498
953	11707110	51001932	0.068639961	0.107991257
953	49846579	24771867	-0.013478908	0.002544196
953	49846579	10127622	-0.043669376	-0.030517681
953	46700756	104842	-0.015369686	0.044552759
953	86661883	10127622	-0.039063968	0.010826658
953	86661883	52913813	0.051852124	0.073366483
953	49846579	54761306	-0.027174813	0.004703528
953	49846579	24856436	0.047434718	0.062748434
953	49846579	16007391	-0.016173243	0.015393886
953	49846579	118502708	0.022403279	0.034925862
953	49846579	135151360	-0.002880886	0.014914747
953	49846579	25227436	-0.034157764	-0.019160536
953	49846579	52913813	-0.034576765	-0.024276281
953	11707110	51001932	0.067265232	0.101842321
953	49846579	24771867	-0.016370524	-0.003423276
953	49846579	10127622	-0.009581018	0.012179462
953	46700756	104842	-0.021334744	0.050066612
953	86661883	10127622	0.037185521	0.088344335
953	86661883	52913813	0.092427947	0.108789548
953	49846579	54761306	-0.041405489	-0.004750834
953	49846579	24856436	0.047515523	0.063617423
953	49846579	16007391	-0.015755563	0.013140767
953	49846579	118502708	0.000893919	0.021915543
953	49846579	135151360	-0.002237405	0.015956383
953	49846579	25227436	-0.06922916	-0.049191014
953	49846579	52913813	-0.025999051	-0.017062568
953	11707110	51001932	0.009963937	0.061782583
953	49846579	24771867	0.02623806	0.039774972
953	49846579	10127622	-0.070220617	-0.058214777
953	46700756	104842	-0.041321077	0.029186764
953	131634760	24856436	0.032084626	0.064090854
953	131634760	118502708	-0.002776016	0.008430571
953	131634760	54761306	0.028785068	0.042897966
953	131634760	16007391	0.024832468	0.050742851
953	131634760	135151360	-0.006334837	0.006599441
953	131634760	25227436	-0.018512724	-0.010429229
953	131634760	52913813	-0.022411883	-0.007169197
953	131634760	10127622	-0.005075034	0.012360761
953	131634760	49846579	0.029038013	0.040243788
953	86661883	54761306	-0.031917576	-0.0097115
953	86661883	24856436	2.29e-05	0.01533798
953	86661883	118502708	-0.055291228	-0.043582983
953	86661883	25227436	-0.039773749	-0.031805111
953	86661883	16007391	0.024051859	0.036649572
953	86661883	135151360	-0.031371647	-0.022963161
953	131634760	24856436	0.111448362	0.130844642
953	131634760	118502708	-0.012069106	0.004228902
953	131634760	54761306	0.030284921	0.043380501
953	131634760	16007391	0.078281308	0.103336237
953	131634760	135151360	0.001588187	0.011909682
953	131634760	25227436	-0.012170637	-0.003692814
953	131634760	52913813	-0.000307922	0.014744006
953	131634760	10127622	-0.005810343	0.019348541
953	131634760	49846579	-0.006696984	0.008531297
953	86661883	54761306	-0.020432064	0.005384603
953	86661883	24856436	-0.019287872	-0.003933272
953	86661883	118502708	-0.050280905	-0.038456376
953	86661883	25227436	-0.030517713	-0.022627358
953	86661883	16007391	-0.002375088	0.011171299
953	86661883	135151360	-0.063095097	-0.051332765
953	131634760	24856436	0.080622186	0.103991216
953	131634760	118502708	0.001788216	0.013491605
953	131634760	54761306	0.025777949	0.038790248
953	131634760	16007391	0.07233135	0.096565545
953	131634760	135151360	-0.013441388	-0.001575954
953	131634760	25227436	-0.01815569	-0.009607926
953	131634760	52913813	-0.034395827	-0.015547641
953	131634760	10127622	-0.029121928	-0.010733391
953	131634760	49846579	0.009290552	0.028696189
953	86661883	54761306	-0.084814229	-0.046499749
953	86661883	24856436	-0.02106636	-0.00579401
953	86661883	118502708	-0.066049588	-0.054034352
953	86661883	25227436	-0.040375874	-0.031773587
953	86661883	16007391	0.030130714	0.043748848
953	86661883	135151360	-0.031096588	-0.021594781
953	86661883	10127622	-0.034183571	0.015351972
953	86661883	52913813	0.024740346	0.045872689
953	49846579	54761306	-0.046494123	-0.011121629
953	49846579	24856436	-0.010287034	0.004964105
953	49846579	16007391	0.00545253	0.029095142
953	49846579	118502708	-0.021389922	-0.008343202
953	49846579	135151360	-0.007837443	0.008965237
953	49846579	25227436	-0.038398332	-0.026441465
953	49846579	52913813	-0.031301925	-0.023061428
953	11707110	51001932	0.040643008	0.08462968
953	49846579	24771867	0.075734395	0.08861479
953	49846579	10127622	-0.055421584	-0.042521303
953	46700756	104842	-0.022439008	0.046296103
953	86661883	10127622	-0.039125281	0.014362553
953	86661883	52913813	-0.011420383	0.017664277
953	49846579	54761306	-0.020440125	0.012727936
953	49846579	24856436	-0.015628279	-0.000324216
953	49846579	16007391	0.000784266	0.025529497
953	49846579	118502708	0.003823424	0.019012304
953	49846579	135151360	-0.03632487	-0.015558297
953	49846579	25227436	-0.047798991	-0.032363359
953	49846579	52913813	-0.020738624	-0.01199561
953	11707110	51001932	0.053195221	0.093699023
953	49846579	24771867	0.009215932	0.02416186
953	49846579	10127622	-0.035934414	-0.022725732
953	46700756	104842	-0.011637699	0.056839044
953	86661883	10127622	-0.011182524	0.037077462
953	86661883	52913813	0.010633094	0.03419379
953	49846579	54761306	-0.047919293	-0.013206291
953	49846579	24856436	-0.004481131	0.012596288
953	49846579	16007391	0.048471486	0.065275572
953	49846579	118502708	-0.005502525	0.007428101
953	49846579	135151360	-0.032160412	-0.013924927
953	49846579	25227436	-0.046348312	-0.033816908
953	49846579	52913813	-0.029716388	-0.020809404
953	11707110	51001932	0.096655826	0.138185444
953	49846579	24771867	0.049387587	0.065409363
953	49846579	10127622	-0.057936491	-0.045417323
953	46700756	104842	-0.011647113	0.054531344
953	86661883	10127622	-0.09072335	-0.046875844
953	86661883	52913813	-0.019869302	-0.000910457
953	49846579	54761306	-0.030695193	-0.008126676
953	49846579	24856436	-0.062758476	-0.047286785
953	49846579	16007391	-0.010638037	0.00786976
953	49846579	118502708	-0.030142536	-0.022273496
953	49846579	135151360	-0.038556901	-0.030203139
953	49846579	25227436	-0.036149652	-0.028044449
953	49846579	52913813	-0.022041593	-0.012725407
953	11707110	51001932	0.092940426	0.131934131
953	49846579	24771867	0.0371468	0.05654503
953	49846579	10127622	-0.004085807	0.010470267
953	46700756	104842	0.004923041	0.072292006
953	86661883	10127622	-0.02020351	0.02430978
953	86661883	52913813	-0.018918199	0.002301033
953	49846579	54761306	-0.030833344	-0.007197209
953	49846579	24856436	-0.041948195	-0.026728914
953	49846579	16007391	-0.028893992	-0.005439151
953	49846579	118502708	-0.041046512	-0.030911242
953	49846579	135151360	-0.037043824	-0.027192575
953	49846579	25227436	-0.050706986	-0.040257302
953	49846579	52913813	-0.027920594	-0.019872608
953	11707110	51001932	0.064763022	0.099429399
953	49846579	24771867	0.027461533	0.041383186
953	49846579	10127622	-0.012261679	0.000466997
953	46700756	104842	0.004593329	0.070923756
953	86661883	10127622	-0.034763038	0.010820665
953	86661883	52913813	-0.041744421	-0.023528893
953	49846579	54761306	-0.030834213	-0.012795162
953	49846579	24856436	-0.024974524	-0.009426361
953	49846579	16007391	-0.025989999	-0.012293531
953	49846579	118502708	-0.033909902	-0.026080922
953	49846579	135151360	-0.05048576	-0.040188681
953	49846579	25227436	-0.042578007	-0.033580145
953	49846579	52913813	-0.04094975	-0.031269734
953	11707110	51001932	0.057648567	0.094405211
953	49846579	24771867	0.063938378	0.078612101
953	49846579	10127622	-0.065668598	-0.052163801
953	46700756	104842	0.003658262	0.07006644
953	131634760	24856436	0.027701741	0.076453951
953	131634760	118502708	0.01012217	0.022649997
953	131634760	54761306	0.037080463	0.072985877
953	131634760	16007391	-0.009323274	0.029320817
953	131634760	135151360	-0.069366037	-0.04915886
953	131634760	25227436	-0.042395539	-0.028902261
953	131634760	52913813	-0.007430761	0.015236727
953	131634760	10127622	0.006893863	0.050845903
953	131634760	49846579	-0.006728723	0.008230139
953	86661883	54761306	0.003499096	0.022971658
953	86661883	24856436	-0.012400406	0.002700499
953	86661883	118502708	-0.027227194	-0.019395265
953	86661883	25227436	-0.044895742	-0.03498578
953	86661883	16007391	-0.008487726	0.003687825
953	86661883	135151360	-0.021208881	-0.013473503
953	131634760	24856436	0.019673211	0.07092991
953	131634760	118502708	0.002174025	0.017890458
953	131634760	54761306	0.032989907	0.071069304
953	131634760	16007391	0.006222471	0.04211664
953	131634760	135151360	-0.005574069	0.008768719
953	131634760	25227436	-0.035353281	-0.014080958
953	131634760	52913813	-0.038551704	-0.012644453
953	131634760	10127622	0.002743415	0.046005316
953	131634760	49846579	-0.012044679	0.004356976
953	86661883	54761306	-0.023671614	-0.007779525
953	86661883	24856436	0.030280154	0.045318033
953	86661883	118502708	-0.036201751	-0.028670097
953	86661883	25227436	-0.052929418	-0.043912174
953	86661883	16007391	0.027242643	0.039556505
953	86661883	135151360	-0.035813735	-0.02715633
953	131634760	24856436	-0.011359611	0.041089583
953	131634760	118502708	0.000586169	0.017138886
953	131634760	54761306	0.030622801	0.066362689
953	131634760	16007391	0.025955625	0.060634136
953	131634760	135151360	-0.029614855	-0.008520207
953	131634760	25227436	-0.045027619	-0.02782021
953	131634760	52913813	-0.024587937	-0.006697022
953	131634760	10127622	0.001308815	0.042869777
953	131634760	49846579	-0.029751898	-0.011573753
953	86661883	54761306	-0.018214297	0.001665736
953	86661883	24856436	0.014624747	0.029719344
953	86661883	118502708	-0.028490636	-0.020610876
953	86661883	25227436	-0.049336602	-0.03978879
953	86661883	16007391	0.000694515	0.012679136
953	86661883	135151360	-0.044491993	-0.03436136
953	86661883	10127622	0.011543576	0.048130856
953	86661883	52913813	0.05108556	0.065461452
953	49846579	54761306	0.006732164	0.034878754
953	49846579	24856436	-0.050948546	-0.035893271
953	49846579	16007391	0.003437975	0.025167638
953	49846579	118502708	0.001039933	0.013296484
953	49846579	135151360	-0.01416012	-0.000325099
953	49846579	25227436	-0.042026454	-0.030012237
953	49846579	52913813	-0.038117586	-0.030040385
953	11707110	51001932	0.090384722	0.131640536
953	49846579	24771867	0.071292527	0.085714382
953	49846579	10127622	-0.059983098	-0.047468662
953	46700756	104842	-0.028455112	0.032518379
953	86661883	10127622	0.076665208	0.113347103
953	86661883	52913813	0.025767983	0.03875215
953	49846579	54761306	0.033711612	0.051411555
953	49846579	24856436	-0.050593193	-0.035424862
953	49846579	16007391	-0.017552764	0.012993555
953	49846579	118502708	-0.008362256	0.010713445
953	49846579	135151360	-0.014653816	0.008397982
953	49846579	25227436	-0.097896996	-0.073219871
953	49846579	52913813	-0.030382936	-0.02257322
953	11707110	51001932	0.080261212	0.127893206
953	49846579	24771867	0.05141907	0.064907607
953	49846579	10127622	-0.035722933	-0.022946472
953	46700756	104842	-0.036802722	0.025209143
953	131634760	24856436	0.010043053	0.062816112
953	131634760	118502708	0.005284575	0.026651109
953	131634760	54761306	0.026924398	0.069676834
953	131634760	16007391	-0.024724399	0.023130826
953	131634760	135151360	-0.026950234	-0.008276902
953	131634760	25227436	-0.021730794	-0.006590906
953	131634760	52913813	-0.036318213	-0.014610525
953	131634760	10127622	0.045831163	0.086088808
953	131634760	49846579	-0.005964835	0.007995624
953	86661883	54761306	0.017713808	0.034067415
953	86661883	24856436	0.038084156	0.052624933
953	86661883	118502708	-0.030598175	-0.022251303
953	86661883	25227436	-0.049511272	-0.040265749
953	86661883	16007391	0.011762061	0.023529223
953	86661883	135151360	-0.028455546	-0.018328299
953	131634760	24856436	-0.009432719	0.041502133
953	131634760	118502708	0.026637041	0.039517139
953	131634760	54761306	0.018789043	0.060418869
953	131634760	16007391	-0.001475225	0.037180883
953	131634760	135151360	-0.05399482	-0.036440475
953	131634760	25227436	-0.043098699	-0.030184822
953	131634760	52913813	-0.035254897	-0.017776069
953	131634760	10127622	0.054447669	0.087729214
953	131634760	49846579	-0.017657131	-0.004188719
953	86661883	54761306	-0.000452218	0.016523302
953	86661883	24856436	0.042263243	0.060353269
953	86661883	118502708	-0.040398356	-0.031501633
953	86661883	25227436	-0.037859419	-0.029995813
953	86661883	16007391	0.016993543	0.028785067
953	86661883	135151360	-0.035743347	-0.027845746
953	131634760	24856436	0.005716226	0.050821198
953	131634760	118502708	0.018018339	0.034114204
953	131634760	54761306	-0.002634776	0.04040762
953	131634760	16007391	-0.034944147	0.005848125
953	131634760	135151360	-0.072857495	-0.052855424
953	131634760	25227436	-0.016057089	-0.000983697
953	131634760	52913813	-0.039941035	-0.019365877
953	131634760	10127622	0.085524933	0.123603024
953	131634760	49846579	-0.02699566	-0.01510182
953	86661883	54761306	-0.003678807	0.015204383
953	86661883	24856436	0.068724024	0.083187548
953	86661883	118502708	-0.03518329	-0.025948219
953	86661883	25227436	-0.042445042	-0.032568405
953	86661883	16007391	0.000246772	0.014392287
953	86661883	135151360	-0.026799701	-0.018510762
953	86661883	10127622	0.019873124	0.047626128
953	86661883	52913813	-0.010160332	0.006976964
953	49846579	54761306	-0.014438381	0.012195092
953	49846579	24856436	-0.042866793	-0.027784409
953	49846579	16007391	0.037197842	0.054936028
953	49846579	118502708	0.037718466	0.046446244
953	49846579	135151360	0.017949797	0.031566516
953	49846579	25227436	-0.002586551	0.006748834
953	49846579	52913813	-0.033492705	-0.025664953
953	11707110	51001932	0.103973447	0.155383081
953	49846579	24771867	0.092947116	0.11274394
953	49846579	10127622	-0.07831544	-0.06608562
953	46700756	104842	-0.00284597	0.0574388
953	86661883	10127622	-0.023996078	0.023179499
953	86661883	52913813	0.035095829	0.048208472
953	49846579	54761306	-0.020968449	0.005840585
953	49846579	24856436	-0.008638983	0.005921717
953	49846579	16007391	0.039826365	0.054002814
953	49846579	118502708	0.006857993	0.017035653
953	49846579	135151360	0.028528691	0.041940292
953	49846579	25227436	-0.067226889	-0.04654432
953	49846579	52913813	-0.034283963	-0.026754124
953	11707110	51001932	0.075546743	0.123081183
953	49846579	24771867	0.006198279	0.020185546
953	49846579	10127622	-0.104682652	-0.092654768
953	46700756	104842	-0.021003546	0.036475531
953	86661883	10127622	-0.019204631	0.024233037
953	86661883	52913813	2.8e-05	0.01594388
953	49846579	54761306	-0.040644381	-0.009843952
953	49846579	24856436	-0.035275966	-0.020234602
953	49846579	16007391	0.022191789	0.035681305
953	49846579	118502708	0.040655309	0.049887061
953	49846579	135151360	0.014138532	0.028875201
953	49846579	25227436	-0.034038849	-0.018277129
953	49846579	52913813	-0.018401038	-0.010867132
953	11707110	51001932	0.090862317	0.14009002
953	49846579	24771867	-0.003637205	0.009848001
953	49846579	10127622	-0.089271325	-0.076942352
953	46700756	104842	-0.037646195	0.030438589
953	131634760	24856436	-0.032932446	-0.004565656
953	131634760	118502708	0.001904748	0.015012778
953	131634760	54761306	0.014002888	0.038785914
953	131634760	16007391	0.007603681	0.035483023
953	131634760	135151360	-0.021841371	-0.010028511
953	131634760	25227436	-0.026611151	-0.016307291
953	131634760	52913813	0.023995311	0.035729497
953	131634760	10127622	0.101217668	0.130058912
953	131634760	49846579	0.044700039	0.05988719
953	86661883	54761306	-0.060030332	-0.020980179
953	86661883	24856436	0.053438646	0.067446152
953	86661883	118502708	0.018076423	0.028870782
953	86661883	25227436	-0.019657633	-0.008841645
953	86661883	16007391	-0.010361394	0.00232456
953	86661883	135151360	-0.025627574	-0.013249838
953	131634760	24856436	0.043545278	0.073074741
953	131634760	118502708	0.038846367	0.049075535
953	131634760	54761306	0.029408249	0.052573686
953	131634760	16007391	-0.003941845	0.021801485
953	131634760	135151360	-0.029555713	-0.013291436
953	131634760	25227436	-0.005952418	0.003003773
953	131634760	52913813	0.026108884	0.039358565
953	131634760	10127622	0.059578023	0.083883573
953	131634760	49846579	0.031686066	0.047173749
953	86661883	54761306	0.004204122	0.028962996
953	86661883	24856436	0.019226055	0.034261145
953	86661883	118502708	-0.049498662	-0.037550197
953	86661883	25227436	-0.019559574	-0.009930833
953	86661883	16007391	-0.0118113	0.000893901
953	86661883	135151360	-0.008867983	0.001757506
953	131634760	24856436	0.004498322	0.038393868
953	131634760	118502708	0.015956728	0.02739504
953	131634760	54761306	0.081436106	0.100730891
953	131634760	16007391	0.020475754	0.045852039
953	131634760	135151360	-0.04271956	-0.023699846
953	131634760	25227436	0.011962228	0.02078434
953	131634760	52913813	0.017723802	0.03105128
953	131634760	10127622	0.035772319	0.074465362
953	131634760	49846579	0.010036349	0.028973102
953	86661883	54761306	-0.010166316	0.016037012
953	86661883	24856436	0.047358907	0.061104944
953	86661883	118502708	0.002678416	0.011800796
953	86661883	25227436	0.007521748	0.016099385
953	86661883	16007391	0.006498061	0.019015266
953	86661883	135151360	-0.004115592	0.006625602
953	118693659	24856436	-0.0075580473753238	0.0618111819011376
953	118693659	131634760	-0.0413424601990445	-0.0146330967855714
953	118693659	54761306	0.0435392069430876	0.11450891999431
953	118693659	16007391	-0.0742510700794634	-0.0189405729709329
953	118693659	49846579	-0.0633466666583853	-0.0395067681891998
953	118693659	86661883	0.03122141962884	0.0569301508867023
953	118693659	10127622	0.003102034619378	0.0923683589063579
953	68289010	131634760	-0.048910264014791	-0.0325751410358096
953	68289010	86661883	-0.0469119557642019	-0.0325259674208259
953	68289010	49846579	-0.0615744308973355	-0.0446169970820833
953	10127622	54761306	0.0210429800488776	0.0984143567762938
953	10127622	16007391	-0.000572240476729626	0.0530505713031994
953	123631	126689157	-0.0524338100631861	-0.0374590557964885
953	10127622	24856436	-0.0495549981290283	0.0248773631152599
953	10127622	126689157	-0.0537558639486717	-0.0355364156495955
953	118693659	24856436	-0.0092927448999629	0.0629215267480103
953	118693659	131634760	-0.0177416855330601	0.0042290054048881
953	118693659	54761306	0.0237433719082108	0.100525875358851
953	118693659	16007391	-0.064134973234781	-0.0041266452480003
953	118693659	49846579	-0.0341785526856645	-0.0123292257060667
953	118693659	86661883	0.0226596574482884	0.0442830896567722
953	118693659	10127622	-0.0116330660559173	0.0811700115483639
953	68289010	131634760	-0.0310713327542369	-0.0137821049450679
953	68289010	86661883	-0.05662039151303	-0.0339372672670052
953	68289010	49846579	-0.0543227725547016	-0.0380122540014763
953	10127622	54761306	0.0184003257291773	0.0882220473342233
953	10127622	16007391	-0.0540617154497806	0.0021846043537494
953	123631	126689157	-0.0705824929719885	-0.0527869236271348
953	10127622	24856436	0.0174180726781688	0.0833170180301039
953	10127622	126689157	-0.0506402248007757	-0.029673854594131
953	118693659	24856436	-0.0133594983337569	0.0533415609328408
953	118693659	131634760	-0.0172935938495399	0.0039001041646859
953	118693659	54761306	0.0533950138477361	0.120839641342382
953	118693659	16007391	-0.0284899438862104	0.0319197655113637
953	118693659	49846579	-0.0826803626913022	-0.0609978010337408
953	118693659	86661883	0.0054498164722531	0.0319066830707913
953	118693659	10127622	0.033703389542912	0.120168091972907
953	68289010	131634760	-0.0374836768033481	-0.0207731141934532
953	68289010	86661883	-0.0628114503156723	-0.0438086915005516
953	68289010	49846579	-0.0651670695994963	-0.0482200073288813
953	10127622	54761306	-0.0493604296597312	0.0384501620719868
953	10127622	16007391	-0.0283861824810715	0.0350667476020035
953	123631	126689157	-0.0486706191624263	-0.034899571807988
953	10127622	24856436	0.0278545384522842	0.0975410652643931
953	10127622	126689157	-0.0281845320107061	-0.0096409142376681
953	25227436	16007391	-0.010893942607511	0.0266228574995072
953	25227436	54761306	-0.0026520180101397	0.0435793115740228
953	25227436	126689157	-0.0559901223685439	-0.0371887739453422
953	25227436	118693659	0.0240612034472956	0.0529052792932667
953	25227436	5330286	-0.0744037759685926	-0.0040409144529342
953	25227436	10127622	-0.0137007417279693	0.0252290315195615
953	5330286	131634760	-0.0257648134386386	0.0117150868574396
953	5330286	86661883	-0.0621604300202407	-0.034668387252189
953	5330286	49846579	-0.0397962077929153	-0.020142244535814
953	208908	11626560	-0.0606599277901089	-0.0150771085549623
953	3062316	11707110	0.0757296738635392	0.0999996114923839
953	5330286	10127622	0.0029698225399824	0.0386526052178101
953	25227436	16007391	-0.0307820716974701	0.0044316062465079
953	25227436	54761306	-0.0537679142445786	0.000768390524650623
953	25227436	126689157	-0.0691127788088238	-0.0498311914446123
953	25227436	118693659	0.0432127963009997	0.0721714250101261
953	25227436	5330286	-0.0321369471393824	0.0342889446481554
953	25227436	10127622	0.0342125613484328	0.0756608302910214
953	5330286	131634760	-0.0227644249760234	0.0156138406832518
953	5330286	86661883	-0.0741448205932594	-0.044115215783664
953	5330286	49846579	-0.00957075016562	0.0080517444405452
953	208908	11626560	-0.0391602395622511	-0.0053270381742772
953	3062316	11707110	0.0339193460841557	0.0763053294245584
953	5330286	10127622	-0.0140725748717969	0.0153799603629346
953	25227436	16007391	0.0125219633602061	0.0474417284243306
953	25227436	54761306	-0.0183901574513105	0.0331333995301229
953	25227436	126689157	-0.0242908609617112	-0.0082091197125715
953	25227436	118693659	0.0719366188486514	0.0968038380046042
953	25227436	5330286	-0.0329898241009649	0.0268182813902917
953	25227436	10127622	0.0430869860858962	0.0744021759740801
953	5330286	131634760	-0.0438741665269951	-0.0018936651106025
953	5330286	86661883	-0.0359938175312078	-0.0050949816425062
953	5330286	49846579	-0.0139600625724807	0.000401089694897649
953	208908	11626560	-0.0334509115861604	0.0016131163291748
953	3062316	11707110	0.122363118325586	0.162899893389755
953	5330286	10127622	-0.0272326936439829	0.0090028155024922
953	118693659	24856436	-0.0455003972993865	0.0432368463314596
953	118693659	131634760	-0.0403139618268331	-0.0119795423216777
953	118693659	54761306	0.0458033882989982	0.11053681131044
953	118693659	16007391	-0.0487048701977805	0.0265483710928995
953	118693659	49846579	-0.106872060160946	-0.0621788128203807
953	118693659	86661883	0.013566299325603	0.0351878959244297
953	118693659	10127622	0.0815237988757212	0.164130509066683
953	68289010	131634760	-0.0247620747442428	-0.006030400202198
953	68289010	86661883	-0.03982494042809	-0.0210204957858863
953	68289010	49846579	-0.0422462512854248	-0.0283232003484702
953	10127622	54761306	0.0039536702682974	0.0790257139804951
953	10127622	16007391	-0.0308600281657637	0.0160519749991478
953	123631	126689157	-0.0642174893587863	-0.0490788722507273
953	10127622	24856436	0.011250027835282	0.0746917415386046
953	10127622	126689157	-5.74343730466439e-05	0.0164410921873262
953	118693659	24856436	-0.0237278183862525	0.0539995676313305
953	118693659	131634760	0.0274866886272095	0.0523850563843749
953	118693659	54761306	0.062473458922666	0.126928146912589
953	118693659	16007391	-0.0308424358127961	0.0410064854334973
953	118693659	49846579	-0.101476892887099	-0.0713059114817502
953	118693659	86661883	0.004646278321928	0.0271989342519802
953	118693659	10127622	0.0078620566919108	0.0938232518808064
953	68289010	131634760	-0.0443998723177268	-0.0226148044176772
953	68289010	86661883	-0.0128994206461952	0.0037033435345071
953	68289010	49846579	-0.0496406846370122	-0.0327160014347125
953	10127622	54761306	0.0209673083335117	0.0885527356894614
953	10127622	16007391	0.0109208253413524	0.0607718985771496
953	123631	126689157	-0.0492713546565078	-0.0350921307321739
953	10127622	24856436	-0.0121040404644716	0.0672618732692907
953	10127622	126689157	-0.0973487853698125	-0.0830903383432069
953	118693659	24856436	-0.0271425618657664	0.0593007459477362
953	118693659	131634760	-0.0357191597887144	-0.0149944245411702
953	118693659	54761306	0.0381036912173492	0.106749459134621
953	118693659	16007391	-0.0280210349682194	0.0388130987000794
953	118693659	49846579	-0.0892673632944534	-0.062041907798082
953	118693659	86661883	0.0419471674752265	0.0644104007038008
953	118693659	10127622	-0.0097110627933963	0.0726896541429286
953	68289010	131634760	-0.0171272403378183	0.0054324057395504
953	68289010	86661883	-0.0924627388135164	-0.0574491250935697
953	68289010	49846579	-0.0720102353830643	-0.050046103854793
953	10127622	54761306	0.0890265661329564	0.15967739803012
953	10127622	16007391	-0.0244202019813312	0.0417291265027975
953	123631	126689157	-0.0563852355866271	-0.0414365988892505
953	10127622	24856436	-0.038773111752571	0.0478484236859411
953	10127622	126689157	-0.0565717871201097	-0.038907122252046
953	25227436	16007391	0.0100908344278451	0.0517194908375793
953	25227436	54761306	-0.0332894490029073	0.0339464041109618
953	25227436	126689157	-0.0992261205615647	-0.0727924615132916
953	25227436	118693659	0.0346298110936953	0.0579891332361433
953	25227436	5330286	0.0432593709174321	0.0862386327081644
953	25227436	10127622	0.0343836994858443	0.0748451453638522
953	5330286	131634760	0.0314971259940947	0.054339398200094
953	5330286	86661883	-0.0390187851592908	-0.0081129469485301
953	5330286	49846579	-0.0196902838604355	0.000793647307217847
953	208908	11626560	-0.125261403110548	-0.0458396709436051
953	3062316	11707110	0.0702051696138742	0.10537947085413
953	5330286	10127622	-0.0129763150489136	0.0423590182086137
953	208908	24964624	0.0232891975724366	0.0486851432268738
953	25227436	16007391	-0.0032210743222227	0.0428762007776951
953	25227436	54761306	-0.0073882641220323	0.0524745937297191
953	25227436	126689157	-0.0495629410451515	-0.029414318569007
953	25227436	118693659	0.0080944444331081	0.0290344960844335
953	25227436	5330286	0.0585643044390224	0.0875194239470867
953	25227436	10127622	0.0427995589229513	0.0828203148565735
953	5330286	131634760	-0.0019518405259384	0.0405120942686154
953	5330286	86661883	-0.0822182502253326	-0.0450579465884074
953	5330286	49846579	0.0011659504899785	0.0201964336215942
953	208908	11626560	-0.0954131125840078	-0.0227263929897039
953	3062316	11707110	0.0809224149729986	0.106335990511226
953	5330286	10127622	0.0057561393014948	0.0380308176270586
953	208908	24964624	-0.0049085466283821	0.0235225867774662
953	25227436	16007391	-0.0373736893728993	0.0171990958861244
953	25227436	54761306	-0.0350398023028245	0.0444605910917351
953	25227436	126689157	-0.0470537942725032	-0.029315478608974
953	25227436	118693659	0.0124232735004937	0.0337510521615852
953	25227436	5330286	0.0269456694405034	0.075174080393969
953	25227436	10127622	0.0898765293334005	0.127614214660656
953	5330286	131634760	-0.0336255186467158	-0.0064614022459698
953	5330286	86661883	-0.0428490545674284	-0.0139475713313205
953	5330286	49846579	0.0073073595714438	0.0224101968860076
953	208908	11626560	-0.0829956788455042	-0.0208888925270873
953	3062316	11707110	0.112602965069342	0.148477347216767
953	5330286	10127622	0.0140019075832498	0.0505704163994941
953	208908	24964624	0.0080995697691432	0.0355181285765071
953	118693659	24856436	-0.0268776623876957	0.038542999346823
953	118693659	131634760	0.0145456651339433	0.0400029796545883
953	118693659	54761306	0.0781242989584031	0.115819801204471
953	118693659	16007391	0.0074707656811583	0.0514022511719109
953	118693659	49846579	-0.0505968356281361	-0.0152141423292394
953	118693659	86661883	0.031812718636791	0.0478837416650043
953	118693659	10127622	0.0564529786410955	0.128496368418296
953	68289010	131634760	0.0070698048273776	0.024235023754254
953	68289010	86661883	-0.0169829333625043	0.0055495782452641
953	68289010	49846579	-0.0439004903901726	-0.0210447037768608
953	10127622	54761306	0.0759111947094135	0.133515527533766
953	10127622	16007391	-0.0289456885008721	0.0402122442620188
953	123631	126689157	-0.0126671810587269	0.0011320484832237
953	10127622	24856436	-0.0266988827175391	0.0466905209749844
953	10127622	126689157	-0.0588112281129017	-0.0174332595563739
953	118693659	24856436	0.0250361185896488	0.0804561077481401
953	118693659	131634760	0.0025651286521164	0.0242189236452307
953	118693659	54761306	0.0371652007573275	0.0837803670202576
953	118693659	16007391	0.0072377337608927	0.0587841169508207
953	118693659	49846579	-0.0122768607909309	0.0226678175274316
953	118693659	86661883	-0.0203556744467652	0.0019476574935905
953	118693659	10127622	0.0607914103402315	0.129281340075598
953	68289010	131634760	-0.0037677902956474	0.0152880256873066
953	68289010	86661883	-0.0081390157230555	0.0124091533976196
953	68289010	49846579	-0.0756749928466858	-0.0469170590652852
953	10127622	54761306	0.0594951564785639	0.111026001328029
953	10127622	16007391	-0.0279613254937723	0.0502692822963618
953	123631	126689157	-0.037209929191571	-0.0209513474079677
953	10127622	24856436	-0.0228409426300221	0.0659799568667578
953	10127622	126689157	-0.0528355141193626	-0.017731267695492
953	118693659	24856436	0.0292947725527924	0.0863082096301572
953	118693659	131634760	0.0075520052917762	0.0293998614563148
953	118693659	54761306	0.0989780214925705	0.129214475664978
953	118693659	16007391	0.0021013055564682	0.0512675825126199
953	118693659	49846579	-0.0739483802176132	-0.0273448002729565
953	118693659	86661883	0.018335910752652	0.0348532901243196
953	118693659	10127622	0.0741145242374396	0.11891723187977
953	68289010	131634760	-0.0043247682065728	0.0174270527554758
953	68289010	86661883	-0.0462519991647734	-0.0145162162211283
953	68289010	49846579	-0.0369450846796196	-0.015416182979368
953	10127622	54761306	0.0411534519103245	0.111211681582453
953	10127622	16007391	-0.0590926883207398	0.010111523959099
953	123631	126689157	-0.0604732956851659	-0.0376039014567291
953	10127622	24856436	-0.0393046837334088	0.0495851300874684
953	10127622	126689157	-0.0259626184283705	0.0054777235718348
953	25227436	16007391	-0.0138494268910796	0.0202274727433272
953	25227436	54761306	0.021540181886432	0.0563920627065758
953	25227436	126689157	-0.0602339443609411	-0.0400776116720292
953	25227436	118693659	0.0109558050829497	0.0258769649342227
953	25227436	5330286	0.024314592510163	0.0507468331376474
953	25227436	10127622	0.040481696686924	0.0686073309465386
953	5330286	131634760	0.0139565979771958	0.0372537638235631
953	5330286	86661883	-0.0612726575959427	-0.0295160306271861
953	5330286	49846579	-0.0223880306147506	-0.0086712363580663
953	208908	11626560	-0.074599640780699	-0.0508783325303356
953	3062316	11707110	0.0077638614068106	0.0228272967693223
953	5330286	10127622	-0.0781531512723399	-0.0505157306650512
953	208908	24964624	-0.0198007642858814	0.000678055620049821
953	25227436	16007391	0.0013957275335362	0.0340472839245429
953	25227436	54761306	0.0470408330013928	0.083926298935209
953	25227436	126689157	-0.0204604315161955	-0.0049444093425951
953	25227436	118693659	0.0837279044915254	0.10085945500027
953	25227436	5330286	0.0288221536590419	0.0607668326505336
953	25227436	10127622	0.072636304180835	0.116829865100383
953	5330286	131634760	-0.0160556493546982	0.016401161575185
953	5330286	86661883	-0.0462404592977108	-0.0114198656897687
953	5330286	49846579	-0.017313698827611	-0.0024106185248069
953	208908	11626560	-0.0159948922926829	0.0061419601354793
953	3062316	11707110	0.0779114692925987	0.09424443075024
953	5330286	10127622	0.000451594406960105	0.0201123210779679
953	208908	24964624	-0.0180110684319062	0.0022281182340888
953	25227436	16007391	0.0258788420028435	0.0547734251557329
953	25227436	54761306	0.0052191799267767	0.0452719850443638
953	25227436	126689157	-0.0264404544054017	-0.0081753076879433
953	25227436	118693659	0.0543039904601161	0.0728445496884893
953	25227436	5330286	0.0657697138375841	0.0917015770847293
953	25227436	10127622	0.0026770658812686	0.0458041638982816
953	5330286	131634760	-0.0383336043778584	-0.0058013874750612
953	5330286	86661883	-0.0569225085167324	-0.0236624055696809
953	5330286	49846579	-0.0296033514995548	-0.0151768828463591
953	208908	11626560	-0.0422227300228647	-0.0088864837676579
953	3062316	11707110	0.103505477549341	0.120803785495705
953	5330286	10127622	-0.0479138926320945	-0.0205645859758805
953	208908	24964624	0.028510272379979	0.0481268425294453
953	25227436	16007391	0.0021720451388696	0.0530958204780918
953	25227436	54761306	-0.0035422420862178	0.0495919832133849
953	25227436	126689157	-0.052081291861169	-0.0081262537631167
953	25227436	118693659	-0.0357792363098494	-0.0167460215364548
953	25227436	5330286	0.0271883269878944	0.0522023979592688
953	25227436	10127622	0.0184995656917227	0.0627392436182208
953	5330286	131634760	0.0168806255922276	0.0469169864711288
953	5330286	49846579	-0.0549033141199575	-0.0411865259733883
953	208908	11626560	-0.0781158278179454	-0.0566663556965155
953	3062316	11707110	0.137224983877196	0.154147007131733
953	5330286	10127622	-0.0641063268777331	-0.0461962047452375
953	208908	24964624	-0.0434440004381661	-0.0263210641368766
953	25227436	16007391	0.0456221116172774	0.0890120045743413
953	25227436	54761306	-0.0199025219036143	0.0310089515595362
953	25227436	126689157	-0.0010946927562665	0.0264396034829472
953	25227436	118693659	-0.0305862365626498	-0.0141267561582015
953	25227436	5330286	0.0262751516641545	0.0507304741720274
953	25227436	10127622	-0.0081889188862219	0.0396083097299222
953	5330286	131634760	-0.0158532810898358	0.0180923390776773
953	5330286	49846579	-0.056239854290637	-0.0425230661440678
953	208908	11626560	-0.0878263968271531	-0.0665824257860139
953	3062316	11707110	0.0899363612612687	0.105267409856292
953	5330286	10127622	-0.0109152103611868	0.0077650650634438
953	208908	24964624	-0.0518813612744319	-0.0349678241587611
953	118693659	24856436	0.0148125226729768	0.0660382257957343
953	118693659	131634760	-0.0495965783429688	-0.0282246589209775
953	118693659	54761306	0.0569923235769699	0.10391927316768
953	118693659	16007391	-0.0304924040545527	0.0222103730132162
953	118693659	49846579	-0.0332878327138069	-0.0094005429014597
953	118693659	10127622	0.0269283100194	0.100596112856828
953	68289010	131634760	-0.0071125456619705	0.0112209685773151
953	68289010	49846579	-0.0416151342278191	-0.0245809773110894
953	10127622	54761306	0.0403276853415474	0.104037005109447
953	10127622	16007391	-0.0232425637930859	0.0395146820288516
953	123631	126689157	-0.0522473014499408	-0.0382995096958107
953	10127622	24856436	-0.0391479243394494	0.0315287767370171
953	10127622	126689157	0.0232989313818432	0.0439009885501037
953	118693659	24856436	-0.0302043807589342	0.0333043661909354
953	118693659	131634760	0.0148548735905516	0.0357504149465396
953	118693659	54761306	0.0815558875167019	0.124452322732085
953	118693659	16007391	-0.0772999006167305	-0.0177240081919661
953	118693659	49846579	-0.0528328545677849	-0.0180822419810074
953	118693659	10127622	0.0055961214462971	0.0810214344465577
953	68289010	131634760	-0.0024638392573663	0.0174558190909523
953	68289010	49846579	-0.0556594750711083	-0.0317868090431266
953	10127622	54761306	0.0401184428514511	0.0931533722940437
953	10127622	16007391	-0.0298539669289388	0.0329477334198579
953	123631	126689157	-0.0567430092362311	-0.040776661391109
953	10127622	24856436	-0.0458994465112216	0.0281585318656255
953	10127622	126689157	-0.0018999995926617	0.0216543219911685
953	118693659	24856436	-0.0335179246454895	0.0213988154809946
953	118693659	131634760	-0.0516160586694991	-0.0297174013110296
953	118693659	54761306	0.11158442783303	0.141881128178066
953	118693659	16007391	0.0177759109486056	0.0605120242913012
953	118693659	49846579	-0.0391096076753697	-0.0164923550330678
953	118693659	10127622	-0.0042463169383729	0.0754644908174396
953	68289010	131634760	0.0036132491023803	0.0203427382308662
953	68289010	49846579	-0.0487236807586169	-0.0246839236423627
953	10127622	54761306	-0.0272857888208687	0.0312259957185759
953	10127622	16007391	-0.0193800193164166	0.0431214136821521
953	123631	126689157	-0.0482655099495357	-0.0329687686879468
953	10127622	24856436	-0.0673521030928764	-0.0024911056436647
953	10127622	126689157	0.0496396472133606	0.0696728429007904
953	25227436	16007391	-0.0088258723886406	0.0231656707989124
953	25227436	54761306	-0.0371019794060244	0.0177383009019571
953	25227436	126689157	-0.0191291960706067	0.0020893337542083
953	25227436	118693659	-0.0174124342569182	0.000146453724006333
953	25227436	5330286	-0.0459816480488518	-0.0254537989536003
953	25227436	10127622	0.0133201624257212	0.0456159931317644
953	5330286	131634760	-0.0127217501826758	0.01562157653325
953	5330286	49846579	-0.0217233834378653	-0.0073437296268974
953	208908	11626560	-0.005373299746853	0.042533883942422
953	3062316	11707110	0.0378002699187529	0.0537409563689826
953	5330286	10127622	0.0145642787746797	0.0511421018966433
953	208908	24964624	-0.0034368942464001	0.0306732547674824
953	25227436	16007391	0.0029207275267601	0.0338779184458093
953	25227436	54761306	-0.0238872449774534	0.023067282497705
953	25227436	126689157	-0.0692939418751047	-0.0477668361604323
953	25227436	118693659	-0.0283688164089294	-0.0117572850466136
953	25227436	5330286	-0.0300912134909455	-0.0111287499933079
953	25227436	10127622	0.0080297708999705	0.0391096780899754
953	5330286	131634760	0.0740444014997687	0.0974469838556908
953	5330286	49846579	-0.0251726277668876	-0.0091786723915395
953	208908	11626560	0.0071671047515263	0.0482897972489821
953	3062316	11707110	0.0299033195842849	0.0437397601419374
953	5330286	10127622	0.047287073347489	0.0677477442627187
953	208908	24964624	-0.0062099940644081	0.0316961776466504
953	25227436	16007391	0.0240569383613032	0.0526720066093156
953	25227436	54761306	0.0317893816022353	0.0696045966437592
953	25227436	126689157	-0.0650541930876629	-0.0425546097220186
953	25227436	118693659	-0.0665381466639818	-0.0471166916849331
953	25227436	5330286	-0.0785522682624549	-0.0527021098196675
953	25227436	10127622	0.0295444475222868	0.0652441101225005
953	5330286	131634760	0.0478547659792352	0.0706693723363629
953	5330286	49846579	-0.0178655228923274	-0.0041487347457582
953	208908	11626560	-0.0167293540653798	0.029298372015941
953	3062316	11707110	0.0736129389265685	0.0893776521975325
953	5330286	10127622	-0.0027181593760364	0.0249353298996891
953	208908	24964624	0.0521302885945047	0.0763884184053862
953	25227436	16007391	0.0463446978443146	0.0823037621018007
953	25227436	54761306	-0.0409622480660811	0.0153929596036374
953	25227436	126689157	-0.030149089645892	0.0038421175904226
953	25227436	118693659	0.0084280333324797	0.0284261861808684
953	25227436	5330286	-0.0412352162616408	-0.0080444181165423
953	25227436	10127622	0.0922522486523249	0.131470504201923
953	5330286	131634760	0.021109334705037	0.0431768994453059
953	5330286	49846579	-0.0452030714432835	-0.0301682614934177
953	208908	11626560	-0.0415602532241061	-0.012119967122843
953	3062316	11707110	-0.0044934488905937	0.0075295986294637
953	5330286	10127622	0.0149678739722262	0.0384825555278849
953	208908	24964624	-0.0028325875574003	0.0192342864021267
953	25227436	16007391	0.0167030333394771	0.0575883192072825
953	25227436	54761306	-0.0238898200913224	0.0302136003576465
953	25227436	126689157	-0.0358250538060147	-0.0020161745999061
953	25227436	118693659	-0.0294154155352486	-0.0090998767176418
953	25227436	5330286	0.0279142266817848	0.04930303961488
953	25227436	10127622	0.0603872549087657	0.100254692840168
953	5330286	131634760	0.017561376236067	0.0405627674154131
953	5330286	49846579	-0.0466302213667481	-0.0300837947791759
953	208908	11626560	-0.0529614362944948	-0.0160560821303627
953	3062316	11707110	0.0192944765291695	0.0314969052761862
953	5330286	10127622	0.0333899701364596	0.068957715102671
953	208908	24964624	-0.0401425427956191	-0.0091969098694139
953	25227436	16007391	-0.038649665308474	0.0128158626342795
953	25227436	54761306	0.0211606519533363	0.0661958597777538
953	25227436	126689157	-0.0381595313419359	-0.0157608888987622
953	25227436	118693659	0.0161695384887542	0.0351895518047485
953	25227436	5330286	-0.0377231104174597	-0.0035521392877969
953	25227436	10127622	0.0437853153386705	0.0708116744191621
953	5330286	131634760	0.0061583762787472	0.0287082810945911
953	5330286	49846579	-0.0348070459250944	-0.0205323344951749
953	208908	11626560	-0.0272409780422435	0.0001148028081448
953	3062316	11707110	0.0163160625627154	0.0282131429317443
953	5330286	10127622	0.0227474942621341	0.0459563341294075
953	208908	24964624	0.0285031120722783	0.0460137144382143
953	25227436	16007391	-0.0149414499511025	0.0247958128285947
953	25227436	54761306	-0.0332643307501018	0.015800761932803
953	25227436	126689157	-0.0492801317979347	-0.0193869875463045
953	25227436	118693659	0.0033763471073555	0.038371596470339
953	25227436	5330286	-0.0050133159986629	0.0234708210695629
953	25227436	10127622	0.0419373364099211	0.0809776276695997
953	5330286	131634760	-0.0070094429255463	0.013233470129357
953	5330286	49846579	-0.0197267286674135	-0.004054999143035
953	208908	11626560	-0.0460705115266602	-0.0084144637146468
953	3062316	11707110	0.110581797260345	0.136117124381012
953	5330286	10127622	0.0085174395875885	0.0480957072159936
953	208908	24964624	-0.008987876997671	0.0197132379894795
953	25227436	16007391	-0.0439684607112761	-0.0028297964479113
953	25227436	54761306	-0.0713792709613258	-0.0247230468587778
953	25227436	126689157	-0.0465883502012485	-0.0223123451522585
953	25227436	118693659	0.0089748220170795	0.040035287169108
953	25227436	5330286	0.0056196621239342	0.0310774394419315
953	25227436	10127622	0.061746794995965	0.0989173932842558
953	5330286	131634760	-0.0074261564120604	0.0123782585226326
953	5330286	49846579	-0.0111900767628141	0.0037734630475563
953	208908	11626560	-0.0349298295523037	0.000765825883638423
953	3062316	11707110	0.0736841599018967	0.106117058211482
953	5330286	10127622	0.0295234099211073	0.063344507871127
953	208908	24964624	-0.0058159781039629	0.0165492437341281
953	25227436	16007391	-0.0251925975406951	0.0184870955649534
953	25227436	54761306	-0.0610012856071698	-0.0116647582572497
953	25227436	126689157	-0.0852100372862762	-0.0514841871716859
953	25227436	118693659	0.0305736281486174	0.0549485462208864
953	25227436	5330286	-0.0132329387031712	0.0179468068316302
953	25227436	10127622	0.0438958711216793	0.0898931805565255
953	5330286	131634760	0.0288294452290114	0.0470560733171112
953	5330286	49846579	-0.0175755160607257	-0.0037019154395946
953	208908	11626560	-0.0431561518949284	-0.0105084030253521
953	3062316	11707110	0.114522299682857	0.133897113173025
953	5330286	10127622	-0.0573575361694612	-0.0186928847206923
953	208908	24964624	0.0022910793869027	0.0218554942261554
953	118693659	24856436	-0.0303977261103108	0.0408531567144162
953	118693659	131634760	-0.0389557171125213	0.0109654317296573
953	118693659	54761306	0.0450914165619614	0.0953027940709731
953	118693659	16007391	-0.0316249952920889	0.0295415631078711
953	118693659	49846579	-0.0642121576659644	-0.0299485146396773
953	118693659	10127622	0.0368104187283811	0.109920420842509
953	68289010	131634760	-0.0154808944183043	-0.000976875721780151
953	68289010	49846579	-0.0342422517474542	-0.017073724613928
953	10127622	54761306	-0.0552516509415039	0.0228261812515111
953	10127622	16007391	-0.0205812648021442	0.0164504392130996
953	123631	126689157	-0.0521983556062266	-0.0364644596022764
953	10127622	24856436	-0.0017111257839967	0.0455432640093978
953	10127622	126689157	-0.0085234751814813	0.0106043756476287
953	118693659	24856436	-0.0441650345002853	0.0342102897559949
953	118693659	131634760	0.0238473431755256	0.0575983063426602
953	118693659	54761306	0.0077105200993875	0.0728230142379508
953	118693659	16007391	-0.0867112567575202	-0.0179392776977912
953	118693659	49846579	-0.0186275930463153	0.0121091007564715
953	118693659	10127622	0.018788252042729	0.0791918938473045
953	68289010	131634760	-0.044394843606068	-0.0251297843041143
953	68289010	49846579	-0.032950798283885	-0.0162309470171886
953	10127622	54761306	-0.0043240167278314	0.0610701714334133
953	10127622	16007391	-0.0269066972580038	0.0213289379306915
953	123631	126689157	-0.0652615959720194	-0.0486930179086582
953	10127622	24856436	-0.0035718352068816	0.0657188610723869
953	10127622	126689157	0.0729240807510069	0.0932046722348343
953	118693659	24856436	-0.0187375354817165	0.0561719504437337
953	118693659	131634760	0.0128064845142056	0.0512734994750452
953	118693659	54761306	0.0508360392075685	0.10312916058327
953	118693659	16007391	-0.002000905801493	0.0478392269013031
953	118693659	49846579	-0.0824787292906652	-0.0401329326923362
953	118693659	10127622	0.0183414625666198	0.0914842584071653
953	68289010	131634760	-0.0428686103759562	-0.025893391959758
953	68289010	49846579	-0.0418024766758401	-0.0243086536449265
953	10127622	54761306	0.0194300777338095	0.0866069096823596
953	10127622	16007391	-0.0623609015282847	-0.0073693017676356
953	123631	126689157	-0.066745665956086	-0.0489181204371105
953	10127622	24856436	-0.0043215998854241	0.0499207007287695
953	10127622	126689157	-0.0310082223031647	-0.0104025916163344
953	25227436	16007391	-0.0153962509892825	0.0245919429428573
953	25227436	54761306	-0.012324023466333	0.0254169680094527
953	25227436	126689157	-0.0576958718658633	-0.0358178206700051
953	25227436	118693659	0.0291212388589539	0.05035965444572
953	25227436	5330286	0.0051389048256629	0.0346502811330647
953	25227436	10127622	0.0218003465187558	0.0527048970379122
953	5330286	131634760	-0.0044320466127795	0.0168363476935338
953	5330286	49846579	0.0174916013022184	0.0328009949201144
953	208908	11626560	-0.0892050727811339	-0.0450851997448661
953	3062316	11707110	0.0533703479722702	0.0647072733275209
953	5330286	10127622	-0.0071952551719649	0.0422522141025619
953	208908	24964624	0.000452115895989367	0.0183515154079152
953	25227436	16007391	0.0105469311792903	0.0381180680504453
953	25227436	54761306	-0.0435449369473249	0.0076201991828629
953	25227436	126689157	-0.0647914550278113	-0.038992869041476
953	25227436	118693659	-0.026487917712273	0.000112108537748646
953	25227436	5330286	-0.0283518417583491	0.0024925340657824
953	25227436	10127622	0.000860143644120711	0.0268839793788198
953	5330286	131634760	-0.0057413629828087	0.0192131518939403
953	5330286	49846579	-0.0032918592610689	0.0161065086221746
953	208908	11626560	-0.0673912889328641	-0.0344844994744735
953	3062316	11707110	0.0424209877124412	0.0576374319674985
953	5330286	10127622	0.002744245611216	0.0369719857525435
953	208908	24964624	0.0032395136076319	0.0251680422246808
953	25227436	16007391	-0.000800684080656127	0.0355732067073524
953	25227436	54761306	-0.034211117036219	0.0104690115893274
953	25227436	126689157	-0.0508417713469405	-0.0296589100345917
953	25227436	118693659	0.000568858723299553	0.0217701300025685
953	25227436	5330286	0.0382360130446454	0.0657215151821259
953	25227436	10127622	0.0234208976349862	0.0603510786106722
953	5330286	131634760	-0.0184241030557685	0.0122326293045915
953	5330286	49846579	-0.0260217817848831	-0.0045323094209174
953	208908	11626560	-0.0618364735605338	-0.0081926863582951
953	3062316	11707110	0.0572300261140435	0.0742541497580971
953	5330286	10127622	0.0154553118914221	0.0570874638401885
953	208908	24964624	0.0213373829789002	0.0420885986791684
953	118693659	24856436	-0.0352306190194464	0.0580901388863562
953	118693659	131634760	-0.0512288122885393	-0.0269808294424249
953	118693659	54761306	0.0651559498219118	0.135473626307525
953	118693659	16007391	-0.0241914771638268	0.0503709186581268
953	118693659	49846579	-0.0611006756473168	-0.0290734403108789
953	118693659	10127622	0.0305348787823888	0.122574142132744
953	68289010	131634760	-0.0379749717358619	-0.0189760738172387
953	68289010	49846579	-0.0365858305481948	-0.0209306070236806
953	10127622	54761306	-0.0059052808399986	0.0802677169982998
953	10127622	16007391	-0.0067032810816133	0.0534225804128571
953	123631	126689157	-0.0650174323620274	-0.0464553622756868
953	10127622	24856436	-0.0042347713924093	0.0691210936679872
953	10127622	126689157	-0.0206865850497441	-0.0063416113842372
953	118693659	24856436	-0.0044021100292638	0.0813840725953376
953	118693659	131634760	-0.0253571519200557	-0.0043839222444216
953	118693659	54761306	0.0731483670764442	0.141894628547466
953	118693659	16007391	-0.0392152858886929	0.026650605051835
953	118693659	49846579	-0.0458756853476129	-0.022243717682097
953	118693659	10127622	0.0211839635166504	0.115035249725305
953	68289010	131634760	-0.0294688913299637	-0.0109746101289453
953	68289010	49846579	-0.040514554290353	-0.0218294668085075
953	10127622	54761306	0.0052360216784519	0.0894037195848425
953	10127622	16007391	-0.0017673324075935	0.063862924215957
953	123631	126689157	-0.0428720627624927	-0.0285474212410523
953	10127622	24856436	-0.014837354702074	0.0738777516999116
953	10127622	126689157	-0.0208887961138401	-0.002795493801581
953	118693659	24856436	-0.0137090540650422	0.0765733148188808
953	118693659	131634760	-0.0503303947214161	-0.0295875982071013
953	118693659	54761306	0.0784778117468221	0.145138681185257
953	118693659	16007391	-0.0060730073101944	0.0521425271757611
953	118693659	49846579	-0.0529260070924106	-0.0166508957073961
953	118693659	10127622	0.0472431658675877	0.129918121854608
953	68289010	131634760	-0.0381027288991498	-0.0194067979180627
953	68289010	49846579	-0.0629952122548084	-0.0383851747490925
953	10127622	54761306	-0.0050964980204617	0.08196271499281
953	10127622	16007391	-0.0319875754848139	0.0343971924826577
953	123631	126689157	-0.0568459660429377	-0.0412571730082395
953	10127622	24856436	-0.0226267346940817	0.0495085074348003
953	10127622	126689157	-0.0361347399725593	-0.0215433010449021
953	54761306	60749	0.0621559360626112	0.112995443740854
953	24856436	60749	0.0983595722406938	0.147809650368038
953	72165232	60749	0.0734445447009906	0.114236885604721
953	52913813	25227436	0.0239660840231498	0.0325921548276509
953	52913813	5330286	0.049821569743504	0.0686058584928669
953	131634760	60749	0.022730796366985	0.042444774039826
953	86661883	36314	0.0771411823211592	0.106164972782085
953	131634760	36314	-0.0023428445246524	0.0082141540974437
953	23725625	86661883	-0.0491350664520856	-0.0377025437378454
953	23725625	118693659	-0.0542224000013492	-0.0373961183068664
953	23725625	131634760	-0.0378837477339699	-0.0285237518869427
953	23725625	49846579	-0.0309455249509359	-0.021321739524807
953	54761306	60749	0.0395664860886327	0.0965717020348892
953	24856436	60749	0.0410184609810656	0.0999094056853621
953	72165232	60749	0.0748927983094215	0.10428761696151
953	52913813	25227436	0.0116679243968618	0.0224537625735571
953	52913813	5330286	0.0908705633827686	0.103882882224531
953	131634760	60749	-0.01167485002657	0.0106874322466851
953	86661883	36314	0.0945051326824	0.116768508577081
953	131634760	36314	0.047407697513153	0.0592336620344542
953	23725625	86661883	-0.0269030764298517	-0.0175976557356172
953	23725625	118693659	-0.0413023499896757	-0.0233039584628686
953	23725625	131634760	-0.0403345565816113	-0.0329744416484869
953	23725625	49846579	-0.0357501192098796	-0.0253053224541757
953	54761306	60749	0.0665074004046046	0.11541523034353
953	24856436	60749	0.0631727180702287	0.109613485200969
953	72165232	60749	0.0440819166588966	0.0788777076773881
953	52913813	25227436	0.0158866575700902	0.0257709989675944
953	52913813	5330286	0.0867968467300246	0.0970818699532931
953	131634760	60749	0.0246962560347933	0.0519462188598667
953	86661883	36314	0.121395501157761	0.151843864590887
953	131634760	36314	-0.0080395304415846	0.0026177664180871
953	23725625	86661883	-0.0509407061001568	-0.0373999424158047
953	23725625	118693659	-0.0357428361747148	-0.0223353312234297
953	23725625	131634760	-0.0567941864469997	-0.0473075648559108
953	23725625	49846579	-0.0282468906452623	-0.0194436665794552
953	54761306	10339178	0.0240310713917377	0.0378698852417239
953	131634760	208908	0.0487646289372709	0.0647572080784931
953	135151360	36462	0.135552356528004	0.151912279696235
953	86661883	208908	0.025932738137036	0.043861966881789
953	24856436	104842	-0.0540242026681631	0.0050868271502517
953	72165232	3385	-0.0165884309305366	-0.0086177060798722
953	72165232	24856436	0.0740455109782244	0.098152212306612
953	51001932	24866313	0.078057368878493	0.128887431378636
953	208908	10127622	-0.0545559643896562	-0.0161324559061046
953	11626560	10127622	0.074219048073481	0.0984882960966435
953	86661883	60749	-0.0071707996541522	0.0028990995011028
953	72165232	104842	-0.0455540828823626	-0.0328589650323934
953	11626560	3062316	-0.0191818425765638	-0.0080651518667402
953	49846579	208908	-0.0179596863600386	-0.0097912836198631
953	54761306	10339178	0.0183380477539464	0.036615871649986
953	131634760	208908	0.010577254099967	0.031579990923674
953	135151360	36462	0.141051035459522	0.155337828949218
953	86661883	208908	0.043807572619545	0.0631931134964731
953	24856436	104842	-0.0565508789946863	0.0037643896096123
953	72165232	3385	-0.0148277226600116	-0.0067981070863675
953	72165232	24856436	0.0919093071660192	0.108617501715728
953	51001932	24866313	0.11198205955395	0.143101517295947
953	208908	10127622	-0.0994341380188103	-0.074068731603229
953	11626560	10127622	0.0501471079368137	0.0803917944605992
953	86661883	60749	0.0521183997837021	0.0629808781796762
953	72165232	104842	-0.020593960801345	-0.0024985409927553
953	11626560	3062316	-0.0403720958437272	-0.0300213551714856
953	49846579	208908	-0.0326403890665729	-0.0236144511450853
953	54761306	10339178	0.0011330118193711	0.0170564382635696
953	131634760	208908	0.0531265559421985	0.0659464180758098
953	135151360	36462	0.0963468752019216	0.108953118385912
953	86661883	208908	0.0146749564011112	0.0396948077573662
953	24856436	104842	-0.0576046353670568	0.000836105746340882
953	72165232	3385	-0.007004627524978	0.000300778191710714
953	72165232	24856436	0.0475412281171826	0.0692986354050106
953	51001932	24866313	0.143746114950522	0.175561392897392
953	208908	10127622	-0.106393948551332	-0.0821092742514415
953	11626560	10127622	0.0689596348720742	0.0836375514507006
953	86661883	60749	0.0491675959218086	0.0601374284294667
953	72165232	104842	-0.0479088461702307	-0.0374118079269144
953	11626560	3062316	-0.0201881471150788	-0.0126249481709075
953	49846579	208908	-0.0452843182160462	-0.036915800197133
953	54761306	60749	0.0356614431694649	0.0957402588892395
953	24856436	60749	0.0521175400144902	0.110069326625217
953	72165232	60749	0.0322043697820703	0.0761960810700846
953	52913813	25227436	-0.0314199524193755	-0.0220895751999688
953	52913813	5330286	0.0827806803319499	0.0938859313213045
953	131634760	60749	-0.04394538557046	-0.0324211356497606
953	86661883	36314	0.0352474958403652	0.0570995991255816
953	131634760	36314	-0.0035722141156962	0.0043107352512844
953	23725625	86661883	0.0129977038540109	0.0209768701714714
953	23725625	118693659	0.0572756641878024	0.0711038422685349
953	23725625	131634760	-0.0160256424521416	-0.0089972224285862
953	23725625	49846579	-0.0043790376489206	0.0047436080571937
953	54761306	10339178	0.0071656048226646	0.0189642924474523
953	131634760	208908	0.0112565595843416	0.0226146487130266
953	135151360	36462	0.127011159889551	0.144545378386761
953	86661883	208908	0.0486746946522313	0.0606029887047957
953	24856436	104842	-0.0061661536006604	0.0536379513830947
953	72165232	3385	-0.0080338704391004	0.00094424477116456
953	72165232	24856436	-0.0098828775291197	0.0189978842242633
953	51001932	24866313	0.159892679981892	0.186735702266448
953	208908	10127622	-0.0461715641473379	-0.0079074358412636
953	11626560	10127622	0.0327754164971882	0.0757136581336275
953	86661883	60749	0.0283708242061779	0.0402894436009786
953	72165232	104842	-0.0147320574203769	0.0136251214563399
953	11626560	3062316	-0.0619998087338478	-0.0500732908826698
953	49846579	208908	-0.0119113274510337	-0.00037396702334788
953	54761306	10339178	-0.0318202369721545	-0.019563453590262
953	131634760	208908	-0.000289092591981727	0.011006986445993
953	135151360	36462	0.104988223214753	0.131334710610493
953	86661883	208908	0.0327138982584296	0.0454858878747451
953	24856436	104842	-0.0484972422260727	0.0237915475312797
953	72165232	3385	-0.0705234746101807	-0.0514349153807669
953	72165232	24856436	0.0461763110724783	0.068131664524841
953	51001932	24866313	0.125369435000113	0.1629341391368
953	208908	10127622	-0.0083614963897	0.0157568449304345
953	11626560	10127622	-0.0024482944419717	0.0466341212341104
953	86661883	60749	0.0165378251565975	0.0333054987287699
953	72165232	104842	-0.0267082450746859	0.0112283110888298
953	11626560	3062316	-0.0242842030220063	-0.0127036178820392
953	49846579	208908	-0.0234940149575707	-0.012793345334781
953	54761306	10339178	0.0239356999763932	0.0354031575035021
953	131634760	208908	0.0127821769302357	0.025343246409774
953	135151360	36462	0.166495352011166	0.179678968747677
953	86661883	208908	0.0409306664245898	0.0524479817896122
953	24856436	104842	-0.0482913321236314	0.0272414894268746
953	72165232	3385	-0.0381598298647476	-0.0274024527402966
953	72165232	24856436	0.0210610986165925	0.0469200773719484
953	51001932	24866313	0.14096898321239	0.176768495132969
953	208908	10127622	-0.101056512356598	-0.0754460199704802
953	11626560	10127622	-0.0322658475619004	0.0072018350570864
953	86661883	60749	-0.0275084882299604	-0.0082684182818392
953	72165232	104842	-0.0145870765010252	0.0222775200106276
953	11626560	3062316	-0.0597857861129606	-0.0476021276486766
953	49846579	208908	-0.0076774091052729	0.0038845986650949
953	54761306	10339178	-0.0426154276888698	-0.0308158287132945
953	131634760	208908	0.0535615747102018	0.0647950576316362
953	135151360	36462	0.110360481948546	0.129327404457623
953	86661883	208908	0.0108381912169065	0.0301120969760775
953	24856436	104842	-0.0200767947678203	0.0530641388992954
953	72165232	3385	-0.0047344171208067	0.0038698117179741
953	72165232	24856436	0.0453409988902319	0.0699054624018563
953	51001932	24866313	0.209769518495299	0.243367249758492
953	208908	10127622	-0.0575522413461734	-0.0190658307382687
953	11626560	10127622	-0.0109582854208361	0.024032824541279
953	86661883	60749	0.0085995698922872	0.0243288827626199
953	72165232	104842	-0.0556640347717539	-0.0256940917083609
953	11626560	3062316	-0.0611868476898647	-0.0497443593944521
953	49846579	208908	-0.0310686575696627	-0.0197260612021093
953	54761306	10339178	-0.006629521414938	0.0048606926331257
953	131634760	208908	0.0502216538987835	0.0640846385641012
953	135151360	36462	0.103335449391166	0.123538804090995
953	86661883	208908	0.0290294019959797	0.0409838754413783
953	24856436	104842	-0.0405669086647804	0.0203179318620451
953	72165232	3385	-0.0178546201825299	-0.0079435935253738
953	72165232	24856436	0.0375349259018299	0.0647105310696596
953	51001932	24866313	0.127428799736697	0.162213254378378
953	208908	10127622	-0.0051510065893521	0.0387881953836692
953	11626560	10127622	0.0320246495906729	0.0787197560651652
953	86661883	60749	-0.0092159369490932	0.0103555387977536
953	72165232	104842	-0.0411395133591121	-0.0145894253568965
953	11626560	3062316	-0.0536945599556069	-0.0423983816974267
953	49846579	208908	-0.0015106499040652	0.0058570472635431
953	54761306	10339178	-0.012303467754309	-0.0010187918869226
953	131634760	208908	0.0322768842587979	0.0452110738092554
953	135151360	36462	0.0583642379334908	0.0740627668103588
953	86661883	208908	0.0602411865625422	0.0696860197596587
953	24856436	104842	-0.0384581922097937	0.0368891784740779
953	72165232	3385	-0.0113836689394531	-0.0039661856221926
953	72165232	24856436	0.03766729939012	0.0647267742244476
953	51001932	24866313	0.177741154783091	0.212924642004392
953	208908	10127622	0.0322716333878379	0.0717779475870299
953	11626560	10127622	0.0095314693110726	0.0590075124107569
953	86661883	60749	0.0046191972064074	0.0166869928533579
953	72165232	104842	-0.0413574261962371	-0.0156995882390498
953	11626560	3062316	-0.026994013999173	-0.0160586441513362
953	49846579	208908	-0.0119285145868279	-0.0033360303307545
953	54761306	60749	0.0582634458126224	0.105740837375068
953	24856436	60749	0.0679506990518489	0.12619125378916
953	72165232	60749	0.0511262359656341	0.0856605863255007
953	52913813	25227436	-0.0076712434528851	0.0052266017555071
953	52913813	5330286	0.0733759441240634	0.0896490285191167
953	131634760	60749	0.0056050257397684	0.0264457128147874
953	86661883	36314	0.0711426917015206	0.0935897231659149
953	131634760	36314	-0.0217789138382922	-0.0136425188613643
953	23725625	86661883	-0.0170563685378926	-0.0061351433555029
953	23725625	118693659	0.0047660832830638	0.0188965980949833
953	23725625	131634760	-0.0170126359525476	-0.0093283954384767
953	23725625	49846579	-0.0207536480850586	-0.0105560253809779
953	54761306	60749	0.0475238838411192	0.0967099759161931
953	24856436	60749	0.0517652133692643	0.110275444068274
953	72165232	60749	0.0613853091964345	0.0900841985514656
953	52913813	25227436	0.0102791053682995	0.0211448343165852
953	52913813	5330286	0.0609722890396547	0.0774986648838055
953	131634760	60749	0.0265416476072143	0.0420331999153578
953	86661883	36314	0.130431400792201	0.156824261316547
953	131634760	36314	-0.0776937297563432	-0.0703386447776689
953	23725625	86661883	-0.000321135421166096	0.0077027921805487
953	23725625	118693659	-0.0157372438988667	0.0065346385504187
953	23725625	131634760	-0.0306518941252338	-0.0207782274847567
953	23725625	49846579	-0.0303465011059429	-0.0214142288710641
953	54761306	60749	0.0620766163048005	0.113279708075712
953	24856436	60749	0.0338219315671757	0.0874074583211071
953	72165232	60749	0.0161764267287462	0.0552007581126875
953	52913813	25227436	0.0136199570334323	0.0242499747414295
953	52913813	5330286	0.11815722331843	0.126024675748512
953	131634760	60749	0.0108674346833922	0.0245356019503055
953	86661883	36314	0.125686306201247	0.149286280412488
953	131634760	36314	0.000883024711982548	0.0097101913660336
953	23725625	86661883	-0.0108526647698466	-0.0014697795750064
953	23725625	118693659	-0.0394774340963285	-0.015246936420755
953	23725625	131634760	-0.0284458441291763	-0.0191749478447326
953	23725625	49846579	-0.0095964946168691	-0.000968704466411936
953	54761306	10339178	-0.0297764593585162	-0.0161130852108367
953	131634760	208908	-0.0126917900307178	0.0069969692303337
953	135151360	36462	0.133338098464469	0.151337951458947
953	86661883	208908	0.0235322270391576	0.0372434664944357
953	24856436	104842	-0.0412366474811735	0.0290091664754614
953	72165232	3385	-0.0111875120520659	0.0115823224542658
953	72165232	24856436	0.040763507459736	0.0771609333934156
953	51001932	24866313	0.0952865015143784	0.144595010118853
953	208908	10127622	-0.0285529313723982	0.0050318811904988
953	11626560	10127622	-0.0140304042522412	0.0417178023051758
953	86661883	60749	0.0047155613269061	0.0141110475374057
953	72165232	104842	0.0098771317660363	0.0302164962973203
953	11626560	3062316	-0.0128073828032222	-0.000553432248285858
953	49846579	208908	-0.0487254244393786	-0.0365757934271094
953	54761306	10339178	-0.0114450123938023	0.0055311878325252
953	131634760	208908	-0.026050351582361	-0.0117568977230428
953	135151360	36462	0.136456805820851	0.1543361772948
953	86661883	208908	0.0141108019358954	0.0324847965925736
953	24856436	104842	-0.0137906286251425	0.0517898418288825
953	72165232	3385	0.0084916638366345	0.025262186953427
953	72165232	24856436	0.121571270347763	0.151606174907287
953	51001932	24866313	0.0747341305160397	0.122289279286266
953	208908	10127622	0.0151452624715358	0.0408306529825826
953	11626560	10127622	-0.0212015570551534	0.0334690918129159
953	86661883	60749	0.0056993106469746	0.0145041230410672
953	72165232	104842	-0.0286954908490962	0.000741250444295341
953	11626560	3062316	5.52051634559033e-05	0.0135279997714495
953	49846579	208908	-0.0281615542739798	-0.0183649319137601
953	54761306	60749	0.0788293945463351	0.129483522611282
953	24856436	60749	0.0704178076888372	0.128851267684506
953	72165232	60749	0.0269768223418621	0.063851654108488
953	52913813	25227436	0.0080108381333895	0.0198096775345602
953	52913813	5330286	0.0379584751671065	0.0572459125294593
953	131634760	60749	0.006366733521094	0.0228663066267115
953	86661883	36314	0.0605480279920973	0.0825829417947591
953	131634760	36314	-0.0448387501311395	-0.039015442993928
953	23725625	86661883	-0.0055239789757963	0.0062910059290025
953	23725625	118693659	-0.0219789220865721	0.0051629772463566
953	23725625	131634760	-0.0085331158803146	-0.000242459174876978
953	23725625	49846579	-0.0308909125155709	-0.0187816578619339
953	54761306	60749	0.0461600251577206	0.103379148067565
953	24856436	60749	0.0219093032085384	0.0863249796910761
953	72165232	60749	0.0355788332749998	0.0728060303081761
953	52913813	25227436	-0.0302044856223647	-0.0120991879602124
953	52913813	5330286	0.088055682066965	0.105348642931131
953	131634760	60749	0.0204295485879913	0.0318075874899911
953	86661883	36314	0.0687007690371765	0.0885002503393436
953	131634760	36314	-0.0520651190696909	-0.0464554336002199
953	23725625	86661883	-0.0043366023501717	0.0055117142602278
953	23725625	118693659	-0.0031727576186998	0.0198788602296515
953	23725625	131634760	-0.0151480430505055	-0.005683249297907
953	23725625	49846579	0.0120927720743666	0.0193862280409802
953	54761306	60749	0.0688211479997011	0.122981138803194
953	24856436	60749	0.0431578384852891	0.111540843610714
953	72165232	60749	0.0266058296236514	0.0678003718793105
953	52913813	25227436	0.0140366209861401	0.0235063979445076
953	52913813	5330286	0.0546985001428316	0.0721203885555612
953	131634760	60749	0.0121959804291167	0.031881873297726
953	86661883	36314	0.0747161967942225	0.0874210462403297
953	131634760	36314	-0.0451270467315029	-0.0391398682486623
953	23725625	86661883	-0.0073420219208484	0.0044760863201088
953	23725625	118693659	-0.0238945560129904	0.001246790950087
953	23725625	131634760	-0.0243947885082542	-0.0148064192071536
953	23725625	49846579	-0.0213310612492027	-0.010840762753606
953	54761306	10339178	-0.0110974142603487	0.0024338334789442
953	131634760	208908	-0.0070426911342537	0.0082392954058981
953	135151360	36462	0.138661022805547	0.151166614506744
953	86661883	208908	0.0100991102229216	0.0248105439103684
953	24856436	104842	-0.0147250221372377	0.0422190453638868
953	72165232	3385	-0.021543598110787	-0.0086371472072619
953	72165232	24856436	0.0434677840436872	0.0755277252630321
953	51001932	24866313	0.139086527167129	0.17556639133713
953	208908	10127622	-0.0411149086193342	-0.013644790146162
953	11626560	10127622	-0.0089175612083878	0.0384848147896439
953	86661883	60749	-0.0076579011171451	0.0016648788466798
953	72165232	104842	-0.0289024036033369	-0.0030340302930061
953	11626560	3062316	-0.0224626166503183	-0.010874331221736
953	49846579	208908	-0.0164645097250964	-0.0090189560694335
953	54761306	10339178	-0.041431786472277	-0.0289892760951638
953	131634760	208908	0.0048492528218355	0.018259852948851
953	135151360	36462	0.104336167581895	0.116307054334661
953	86661883	208908	0.0304506196450961	0.0423656858990231
953	24856436	104842	-0.0218780831933458	0.0378581050960129
953	72165232	3385	-0.0309774717427895	-0.0145862552087776
953	72165232	24856436	0.0456433497476454	0.0775310959416566
953	51001932	24866313	0.153732059470048	0.179406026715842
953	208908	10127622	-0.0041277828040742	0.0238302674776425
953	11626560	10127622	-0.0191993221551568	0.0241007419707837
953	86661883	60749	-0.000283917683893175	0.0117880613325678
953	72165232	104842	-0.0390181139766114	-0.0058720451602641
953	11626560	3062316	-0.0415851153869507	-0.0295604672827119
953	49846579	208908	-0.0373782060958273	-0.0273919404406183
953	54761306	10339178	-0.0513382853814029	-0.0390945161390845
953	131634760	208908	-0.0127785157955726	-0.000510569080040197
953	135151360	36462	0.0923135204525783	0.109803785255144
953	86661883	208908	-0.0150694540381554	-0.0014767308235067
953	24856436	104842	-0.0491987976974298	0.0062228413265109
953	72165232	3385	-0.0150492390707041	0.0028347276658366
953	72165232	24856436	0.0534903299642344	0.0803733489416946
953	51001932	24866313	0.106315132831719	0.146152910912681
953	208908	10127622	0.0032037503587059	0.0298993530360233
953	11626560	10127622	0.0257565114086723	0.0749752271060441
953	86661883	60749	0.000841627201208568	0.0106835710230955
953	72165232	104842	-0.0102939801458861	0.0171402421808821
953	11626560	3062316	-0.0209887902939516	-0.0092310496145799
953	49846579	208908	-0.0079161587193307	-0.000412084473890892
