MASTER_CELL_ID	Drug1_pub	Drug2_pub	Bliss_matrix	HSA_matrix
2242	54761306	23725625	0.023558095	0.038207614
2242	24856436	23725625	-0.027107599	-0.008378188
2242	24856436	54761306	0.007287249	0.073371984
2242	16007391	23725625	0.001381833	0.015357982
2242	16007391	54761306	-0.087845153	-0.048815989
2242	16007391	24856436	-0.051703414	-0.030398716
2242	118502708	24856436	-0.030171984	-0.009033897
2242	135151360	23725625	-0.039450768	-0.031671225
2242	118502708	54761306	-0.006622852	0.008484354
2242	118502708	16007391	-0.010955968	-0.00268878
2242	54761306	23725625	0.001997125	0.016274079
2242	24856436	23725625	-0.018407413	-0.000619244
2242	24856436	54761306	0.026199134	0.087782984
2242	16007391	23725625	-0.001682729	0.010792946
2242	16007391	54761306	-0.116581249	-0.073547107
2242	16007391	24856436	-0.065889148	-0.049954413
2242	118502708	24856436	-0.036966604	-0.021699443
2242	135151360	23725625	-0.040629372	-0.032485404
2242	118502708	54761306	-0.004919073	0.008588605
2242	118502708	16007391	-0.045928774	-0.035401043
2242	54761306	23725625	-0.027640676	-0.007353409
2242	24856436	23725625	-0.032277934	-0.014905086
2242	24856436	54761306	0.01277175	0.076792019
2242	16007391	23725625	-0.005641626	0.00805412
2242	16007391	54761306	-0.075100783	-0.042831034
2242	16007391	24856436	-0.034665298	-0.01909685
2242	118502708	24856436	-0.033897494	-0.01863725
2242	135151360	23725625	-0.037523555	-0.029731373
2242	118502708	54761306	-0.008227217	0.005979446
2242	118502708	16007391	-0.011308354	-0.002453276
2242	135151360	24856436	0.016982416	0.047849581
2242	135151360	118502708	0.012879091	0.022241955
2242	135151360	54761306	0.010758301	0.024806639
2242	135151360	16007391	0.022780438	0.03990971
2242	46700756	23725625	-0.040288176	-0.030582478
2242	46700756	54761306	-0.071037479	-0.001424066
2242	46700756	24856436	0.017209746	0.08512646
2242	46700756	118502708	0.008211198	0.024541708
2242	46700756	135151360	0.008596951	0.034582884
2242	46700756	104842	-0.145650346	-0.062071634
2242	104842	23725625	0.066253086	0.079004507
2242	31703	135151360	0.069288956	0.082964522
2242	90132565	23725625	-0.040073268	-0.032289451
2242	104842	118502708	0.03382995	0.046045435
2242	3082962	23725625	-0.037364981	-0.029595819
2242	135151360	24856436	0.001197623	0.029904089
2242	135151360	118502708	-0.022293681	-0.011050753
2242	135151360	54761306	-0.009123855	0.006678554
2242	135151360	16007391	0.040401807	0.054646351
2242	46700756	23725625	-0.052572423	-0.042736413
2242	46700756	54761306	-0.057783517	0.011590402
2242	46700756	24856436	-0.007241024	0.059148139
2242	46700756	118502708	0.012661593	0.029029338
2242	46700756	135151360	0.000900287	0.01668651
2242	46700756	104842	-0.19492696	-0.111001729
2242	104842	23725625	0.048563039	0.061103688
2242	31703	135151360	0.046849076	0.069537826
2242	90132565	23725625	-0.045538491	-0.036956879
2242	104842	118502708	0.009509853	0.022404075
2242	3082962	23725625	-0.038876005	-0.030885947
2242	135151360	24856436	-0.010771024	0.029667367
2242	135151360	118502708	-0.020881306	-0.009831217
2242	135151360	54761306	-0.001953446	0.018871121
2242	135151360	16007391	0.011009805	0.024246861
2242	46700756	23725625	-0.000931631	0.014410301
2242	46700756	54761306	-0.056941837	0.00898449
2242	46700756	24856436	-0.03504781	0.021078512
2242	46700756	118502708	0.018771987	0.031160693
2242	46700756	135151360	0.006705166	0.025401936
2242	46700756	104842	-0.167472804	-0.086404365
2242	104842	23725625	0.07506479	0.089910359
2242	31703	135151360	0.03832755	0.051682596
2242	90132565	23725625	-0.04111427	-0.032558617
2242	104842	118502708	0.052561828	0.068860437
2242	3082962	23725625	-0.035676124	-0.027889601
2242	54761306	23725625	-0.011160321	0.002513176
2242	24856436	23725625	-0.034459267	-0.019094034
2242	24856436	54761306	0.02314031	0.075392893
2242	16007391	23725625	0.010733349	0.02109217
2242	16007391	54761306	-0.058603112	-0.023587172
2242	16007391	24856436	-0.016958124	0.000567276
2242	118502708	24856436	-0.034773698	-0.012670706
2242	135151360	23725625	-0.036078907	-0.025530847
2242	118502708	54761306	-0.018009817	0.001572885
2242	118502708	16007391	0.013781527	0.02675043
2242	54761306	23725625	-0.018700037	-0.00449719
2242	24856436	23725625	-0.039728878	-0.024186802
2242	24856436	54761306	0.036485964	0.084866428
2242	16007391	23725625	-0.006221388	0.004976522
2242	16007391	54761306	-0.07243392	-0.038107127
2242	16007391	24856436	-0.014137751	0.007073459
2242	118502708	24856436	-0.028921796	-0.006349733
2242	135151360	23725625	-0.05507337	-0.042618451
2242	118502708	54761306	-0.019282411	-0.005813578
2242	118502708	16007391	-0.001531509	0.009516891
2242	54761306	23725625	0.001859542	0.02079104
2242	24856436	23725625	-0.023579281	-0.005724188
2242	24856436	54761306	-0.00871473	0.04968408
2242	16007391	23725625	0.006872147	0.018464346
2242	16007391	54761306	-0.080315595	-0.036895086
2242	16007391	24856436	-0.014029022	0.003936325
2242	118502708	24856436	-0.049198188	-0.027090627
2242	135151360	23725625	-0.030354565	-0.020697767
2242	118502708	54761306	-0.02668905	-0.012344767
2242	118502708	16007391	-0.005150998	0.006645562
2242	135151360	24856436	-0.074174625	-0.040678952
2242	135151360	118502708	-0.012627215	-0.002070845
2242	135151360	54761306	-0.031785303	0.001899668
2242	135151360	16007391	-0.013617662	0.004646219
2242	46700756	23725625	-0.018063421	-0.007300617
2242	46700756	54761306	-0.112049892	-0.04832436
2242	46700756	24856436	-0.012576	0.027624543
2242	46700756	118502708	0.030839486	0.04253694
2242	46700756	135151360	0.018100833	0.030658587
2242	46700756	104842	-0.180119632	-0.100501061
2242	104842	23725625	0.040311595	0.067779078
2242	31703	135151360	0.048401445	0.067433566
2242	90132565	23725625	-0.004140883	0.00364331
2242	104842	118502708	0.054827095	0.068006153
2242	3082962	23725625	-0.025609713	-0.017663961
2242	135151360	24856436	-0.025833096	-0.007281878
2242	135151360	118502708	-0.025907843	-0.016389779
2242	135151360	54761306	-0.013673184	0.02100578
2242	135151360	16007391	0.011423117	0.022975911
2242	46700756	23725625	-0.04177908	-0.031014229
2242	46700756	54761306	-0.111846348	-0.045808823
2242	46700756	24856436	-0.054975901	-0.00493308
2242	46700756	118502708	0.007227723	0.018651074
2242	46700756	135151360	0.015313722	0.032612696
2242	46700756	104842	-0.093559365	-0.020063106
2242	104842	23725625	0.029452174	0.052914236
2242	31703	135151360	0.05663194	0.086266063
2242	90132565	23725625	-0.020211242	-0.004774682
2242	104842	118502708	0.017502504	0.032594583
2242	3082962	23725625	-0.020250875	-0.008855557
2242	135151360	24856436	-0.010047395	0.014712367
2242	135151360	118502708	-0.025738159	-0.017922889
2242	135151360	54761306	-0.025008163	0.011390585
2242	135151360	16007391	0.023050964	0.032882867
2242	46700756	23725625	-0.023373659	-0.012545357
2242	46700756	54761306	-0.119901515	-0.053286001
2242	46700756	24856436	0.010712361	0.055862568
2242	46700756	118502708	0.006610208	0.018076311
2242	46700756	135151360	-0.027104827	-0.010204151
2242	46700756	104842	-0.140065616	-0.067424193
2242	104842	23725625	0.045677735	0.071518997
2242	31703	135151360	0.058280183	0.083921001
2242	90132565	23725625	-0.011250264	0.000669965
2242	104842	118502708	0.021700437	0.04302939
2242	3082962	23725625	-0.023872862	-0.014550152
2242	54761306	23725625	-0.006340081	0.009671076
2242	24856436	23725625	-0.027137317	-0.010016467
2242	24856436	54761306	0.010805828	0.049665673
2242	16007391	23725625	-0.02645332	-0.015971993
2242	16007391	54761306	-0.076729982	-0.053426217
2242	16007391	24856436	-0.107771786	-0.092485353
2242	118502708	24856436	-0.093717957	-0.078345952
2242	135151360	23725625	-0.050713364	-0.04136199
2242	118502708	54761306	-0.047660785	-0.034327756
2242	118502708	16007391	-0.023208556	-0.014979479
2242	54761306	23725625	-0.033870008	-0.019443464
2242	24856436	23725625	-0.097198654	-0.073804207
2242	24856436	54761306	-0.012047057	0.02985032
2242	16007391	23725625	-0.008595529	-0.00013261
2242	16007391	54761306	-0.120394351	-0.087155996
2242	16007391	24856436	-0.070255526	-0.055122529
2242	118502708	24856436	-0.089047314	-0.07278484
2242	135151360	23725625	-0.060184406	-0.049292293
2242	118502708	54761306	-0.038975488	-0.025703245
2242	118502708	16007391	-0.022368894	-0.014013464
2242	54761306	23725625	-0.023043341	-0.009211057
2242	24856436	23725625	-0.114700777	-0.097090738
2242	24856436	54761306	-0.019332464	0.013250041
2242	16007391	23725625	-0.031909754	-0.023198237
2242	16007391	54761306	-0.093519238	-0.073837629
2242	16007391	24856436	-0.068178555	-0.051803529
2242	118502708	24856436	-0.078984946	-0.063673071
2242	135151360	23725625	-0.06022921	-0.049887328
2242	118502708	54761306	-0.073728206	-0.060369537
2242	118502708	16007391	-0.027553406	-0.019710877
2242	135151360	24856436	-0.010294534	0.0195243
2242	135151360	118502708	0.007994052	0.020618228
2242	135151360	54761306	-0.057903038	-0.030698574
2242	135151360	16007391	0.076786011	0.085156928
2242	46700756	23725625	-0.068757091	-0.059288482
2242	46700756	54761306	-0.057538573	-0.003903823
2242	46700756	24856436	-0.04034618	0.006725632
2242	46700756	118502708	-0.022953539	-0.011240843
2242	46700756	135151360	-0.034830735	-0.021366759
2242	31703	135151360	-0.047343299	-0.031008075
2242	90132565	23725625	-0.05957934	-0.049170589
2242	104842	118502708	0.00952794	0.023507224
2242	3082962	23725625	-0.038269733	-0.030486342
2242	135151360	24856436	0.013338493	0.039776943
2242	135151360	118502708	0.007248088	0.017851316
2242	135151360	54761306	-0.017686551	0.010030479
2242	135151360	16007391	0.038556045	0.048534073
2242	46700756	23725625	-0.054687812	-0.043285526
2242	46700756	54761306	-0.094466673	-0.033868302
2242	46700756	24856436	-0.075856681	-0.044676947
2242	46700756	118502708	0.004083662	0.016311835
2242	46700756	135151360	-0.020700327	-0.008198307
2242	31703	135151360	-0.000257178	0.009018548
2242	90132565	23725625	-0.061746141	-0.050778549
2242	104842	118502708	-0.039852203	-0.026603685
2242	3082962	23725625	-0.036329907	-0.028464843
2242	54761306	23725625	0.016168352	0.03304794
2242	24856436	23725625	-0.030094153	-0.003261671
2242	24856436	54761306	-0.006317866	0.064334058
2242	16007391	23725625	0.015774888	0.031179693
2242	16007391	54761306	-0.010631296	0.022210952
2242	16007391	24856436	-0.037297367	-0.021054833
2242	118502708	24856436	-0.060462006	-0.040960854
2242	135151360	23725625	-0.03355843	-0.025769453
2242	118502708	54761306	-0.054146836	-0.040279173
2242	118502708	16007391	0.00213327	0.012193731
2242	54761306	23725625	0.015997151	0.037215019
2242	24856436	23725625	-0.019575608	0.007984775
2242	24856436	54761306	0.014679222	0.082642063
2242	16007391	23725625	0.022491371	0.034912718
2242	16007391	54761306	-0.058367279	-0.01747223
2242	16007391	24856436	-0.020108593	-0.004819619
2242	118502708	24856436	-0.012334418	0.002877801
2242	135151360	23725625	-0.038197585	-0.03041292
2242	118502708	54761306	-0.044500818	-0.030809388
2242	118502708	16007391	0.003770034	0.013457486
2242	135151360	24856436	0.083762855	0.105515988
2242	135151360	118502708	0.03437177	0.044992669
2242	135151360	54761306	0.0060999	0.019661273
2242	135151360	16007391	0.074602908	0.088753575
2242	46700756	23725625	-0.050907925	-0.039121544
2242	46700756	54761306	-0.002673828	0.06611433
2242	46700756	24856436	-0.01924129	0.049200755
2242	46700756	118502708	-0.003263899	0.020363351
2242	46700756	135151360	-0.031987742	-0.008133177
2242	46700756	104842	-0.164559864	-0.087359759
2242	104842	23725625	0.150584539	0.173841378
2242	31703	135151360	-0.001002896	0.019255916
2242	90132565	23725625	-0.037226381	-0.029035806
2242	104842	118502708	0.06844135	0.082536803
2242	3082962	23725625	-0.060341425	-0.04959858
2242	135151360	24856436	0.0330236	0.049581644
2242	135151360	118502708	0.018259767	0.033264418
2242	135151360	54761306	-0.004231294	0.009211397
2242	135151360	16007391	0.031158632	0.054895207
2242	46700756	23725625	0.002018288	0.014094062
2242	46700756	54761306	-0.022062462	0.046568379
2242	46700756	24856436	-0.021931076	0.040461772
2242	46700756	118502708	0.009720376	0.034073541
2242	46700756	135151360	-0.058518191	-0.027197358
2242	46700756	104842	-0.18239971	-0.09949484
2242	104842	23725625	0.10846733	0.134596785
2242	31703	135151360	0.054567692	0.066144299
2242	90132565	23725625	-0.036547156	-0.028573564
2242	104842	118502708	0.057522828	0.070785043
2242	3082962	23725625	-0.034301348	-0.026001801
2242	54761306	23725625	-0.021259145	-0.006414203
2242	24856436	23725625	-0.034743257	-0.011560733
2242	24856436	54761306	0.023783373	0.061411238
2242	16007391	23725625	-0.017108239	-0.009340812
2242	16007391	54761306	-0.081599504	-0.055832021
2242	16007391	24856436	-0.006480601	0.008709589
2242	118502708	24856436	-0.032231274	-0.017985212
2242	135151360	23725625	-0.03186494	-0.024051288
2242	118502708	54761306	-0.034493047	-0.02104803
2242	118502708	16007391	-0.024017882	-0.016080168
2242	54761306	23725625	-0.002751079	0.014562657
2242	24856436	23725625	-0.108180356	-0.0705898
2242	24856436	54761306	0.000424403	0.056462894
2242	16007391	23725625	0.018691731	0.02987716
2242	16007391	54761306	-0.080650055	-0.052406927
2242	16007391	24856436	-0.009909901	0.004630785
2242	118502708	24856436	-0.036243504	-0.020161104
2242	135151360	23725625	-0.034815253	-0.027041801
2242	118502708	54761306	-0.026281944	-0.01297054
2242	118502708	16007391	-0.030556703	-0.020123206
2242	54761306	23725625	0.041227713	0.055340494
2242	24856436	23725625	-0.002615442	0.017589681
2242	24856436	54761306	0.039261321	0.090766635
2242	16007391	23725625	-0.01250885	0.00194855
2242	16007391	54761306	-0.063023504	-0.037066612
2242	16007391	24856436	-0.035361925	-0.020543674
2242	118502708	24856436	-0.066536461	-0.051241625
2242	135151360	23725625	-0.041921554	-0.033285205
2242	118502708	54761306	-0.032286303	-0.018858988
2242	118502708	16007391	-0.02061344	-0.011208472
2242	135151360	24856436	0.036341045	0.06122142
2242	135151360	118502708	-0.0152226	-0.004654245
2242	135151360	54761306	0.007922905	0.021454813
2242	135151360	16007391	0.06659562	0.079983928
2242	46700756	23725625	-0.051446303	-0.039961413
2242	46700756	54761306	-0.034794917	0.027708781
2242	46700756	24856436	-0.003851794	0.053199398
2242	46700756	118502708	0.101630045	0.118640222
2242	46700756	135151360	-0.006842023	0.00718479
2242	46700756	104842	-0.130048102	-0.054446229
2242	104842	23725625	0.191725555	0.204982999
2242	31703	135151360	0.062757849	0.073933144
2242	90132565	23725625	-0.038728769	-0.030815149
2242	104842	118502708	0.070083476	0.083751019
2242	3082962	23725625	-0.040072899	-0.032237545
2242	135151360	24856436	0.007907898	0.036464527
2242	135151360	118502708	0.001536572	0.011091492
2242	135151360	54761306	-0.002169571	0.01243814
2242	135151360	16007391	0.051175314	0.065560142
2242	46700756	23725625	-0.034021604	-0.022765151
2242	46700756	54761306	-0.048893044	0.01700434
2242	46700756	24856436	0.003336092	0.059389773
2242	46700756	118502708	-0.032350336	-0.011358714
2242	46700756	135151360	-0.001131958	0.010958226
2242	46700756	104842	-0.125894185	-0.045349865
2242	104842	23725625	0.131977055	0.1456912
2242	31703	135151360	0.039579225	0.052723733
2242	90132565	23725625	-0.037416986	-0.029619327
2242	104842	118502708	0.083436761	0.096480618
2242	3082962	23725625	-0.034342453	-0.026567092
2242	135151360	24856436	0.032086788	0.055539341
2242	135151360	118502708	0.012626046	0.02284003
2242	135151360	54761306	0.022222425	0.035761492
2242	135151360	16007391	-0.023487029	0.002738799
2242	46700756	23725625	-0.033360036	-0.022452535
2242	46700756	54761306	0.061654815	0.124174262
2242	46700756	24856436	0.004187827	0.067005284
2242	46700756	118502708	0.013490685	0.02683951
2242	46700756	135151360	-0.021089505	-0.001176501
2242	46700756	104842	-0.151940261	-0.074486981
2242	104842	23725625	0.12446474	0.139269903
2242	31703	135151360	0.020798438	0.038362395
2242	90132565	23725625	-0.037844387	-0.030052076
2242	104842	118502708	0.151804749	0.168149988
2242	3082962	23725625	-0.041033421	-0.032443813
2242	54761306	23725625	0.047583929	0.065882931
2242	24856436	23725625	0.021757298	0.050094731
2242	24856436	54761306	-0.016276192	0.052870548
2242	16007391	23725625	0.001837278	0.02294227
2242	16007391	54761306	-0.084126084	-0.054029412
2242	16007391	24856436	-0.081433837	-0.066221969
2242	118502708	24856436	0.004463444	0.019997998
2242	135151360	23725625	-0.03291884	-0.025040967
2242	118502708	54761306	-0.006221308	0.007086056
2242	118502708	16007391	-0.037741081	-0.027470546
2242	54761306	23725625	0.021110984	0.037187495
2242	24856436	23725625	0.022277041	0.046734354
2242	24856436	54761306	-0.021879161	0.045485547
2242	16007391	23725625	-0.006141879	0.008945854
2242	16007391	54761306	-0.070761178	-0.040839085
2242	16007391	24856436	0.022066162	0.035867069
2242	118502708	24856436	-0.021808201	0.000174283
2242	135151360	23725625	-0.035561369	-0.027710201
2242	118502708	54761306	-0.038110644	-0.024494755
2242	118502708	16007391	-0.021300913	-0.012932585
2242	54761306	23725625	0.030656898	0.048096666
2242	24856436	23725625	-0.004458578	0.032336834
2242	24856436	54761306	-0.005065852	0.060728754
2242	16007391	23725625	-0.010979379	0.008325662
2242	16007391	54761306	-0.110255163	-0.070760535
2242	16007391	24856436	-0.036066768	-0.018191327
2242	118502708	24856436	-0.012337861	0.005488615
2242	135151360	23725625	-0.037549811	-0.029247225
2242	118502708	54761306	-0.037739278	-0.024363572
2242	118502708	16007391	-0.054073525	-0.042545253
2242	135151360	24856436	0.007583061	0.044786391
2242	135151360	118502708	0.019678029	0.030836562
2242	135151360	54761306	0.044142778	0.057453171
2242	135151360	16007391	0.009248358	0.032473523
2242	46700756	23725625	-0.050035152	-0.038647265
2242	46700756	54761306	-0.01179677	0.05532425
2242	46700756	24856436	-0.031648342	0.04110041
2242	46700756	118502708	0.022964737	0.046044761
2242	46700756	135151360	0.024142571	0.042172499
2242	46700756	104842	-0.184476993	-0.112232757
2242	104842	23725625	0.151276191	0.165116028
2242	31703	135151360	0.041138566	0.058916618
2242	90132565	23725625	-0.034968873	-0.026886655
2242	104842	118502708	0.03880056	0.056941511
2242	3082962	23725625	-0.035906696	-0.02561637
2242	135151360	24856436	0.110163055	0.129140645
2242	135151360	118502708	-0.008166514	0.003494242
2242	135151360	54761306	0.025101427	0.038604191
2242	135151360	16007391	0.055681288	0.068872765
2242	46700756	23725625	-0.062619943	-0.047398094
2242	46700756	54761306	-0.0391405	0.028771653
2242	46700756	24856436	-0.046748318	0.028969017
2242	46700756	118502708	0.004339306	0.02510742
2242	46700756	135151360	0.00274755	0.025062908
2242	46700756	104842	-0.180626195	-0.102898812
2242	104842	23725625	0.174996441	0.189617759
2242	31703	135151360	0.052523791	0.06984717
2242	90132565	23725625	-0.036450314	-0.027873999
2242	104842	118502708	0.122502066	0.137884769
2242	3082962	23725625	-0.041068002	-0.030612694
2242	135151360	24856436	0.100501202	0.127445609
2242	135151360	118502708	0.004431321	0.015662159
2242	135151360	54761306	0.014484492	0.027901744
2242	135151360	16007391	0.016614141	0.037074316
2242	46700756	23725625	-0.074717451	-0.059162177
2242	46700756	54761306	0.009550963	0.074008823
2242	46700756	24856436	-0.084814906	-0.007848956
2242	46700756	118502708	0.031087305	0.067371368
2242	46700756	135151360	-0.054317318	-0.028686157
2242	46700756	104842	-0.160588694	-0.086502635
2242	104842	23725625	0.171935839	0.185453212
2242	31703	135151360	0.039057874	0.06162913
2242	90132565	23725625	-0.036213322	-0.028243354
2242	104842	118502708	0.073223209	0.090588983
2242	3082962	23725625	-0.057578105	-0.046539086
2242	131634760	24856436	0.041770141	0.075298727
2242	131634760	118502708	0.018351561	0.031892376
2242	131634760	54761306	0.050504084	0.065973397
2242	131634760	16007391	0.047670109	0.072389399
2242	131634760	135151360	-0.011922467	0.00239357
2242	131634760	25227436	0.006216225	0.018055419
2242	131634760	52913813	-0.037390231	-0.018829145
2242	131634760	10127622	0.077843618	0.094362722
2242	131634760	49846579	0.016488801	0.033144721
2242	86661883	54761306	0.078437982	0.122927323
2242	86661883	24856436	0.074032035	0.106202918
2242	86661883	118502708	-0.045744266	-0.030928441
2242	86661883	25227436	-0.016005756	-0.001086009
2242	86661883	16007391	0.110057726	0.126933577
2242	86661883	135151360	-0.017981857	-0.003455253
2242	131634760	24856436	0.050902276	0.081398609
2242	131634760	118502708	0.027574481	0.037422467
2242	131634760	54761306	0.055665802	0.069811373
2242	131634760	16007391	0.047980485	0.065967685
2242	131634760	135151360	-0.036378712	-0.023330293
2242	131634760	25227436	0.000389954	0.011688075
2242	131634760	52913813	0.016558416	0.029806515
2242	131634760	10127622	0.053650625	0.081947932
2242	131634760	49846579	0.068524786	0.080474689
2242	86661883	54761306	0.066894398	0.117420271
2242	86661883	24856436	0.132152783	0.158412033
2242	86661883	118502708	-0.020820539	-0.007213357
2242	86661883	25227436	-0.037069884	-0.02373427
2242	86661883	16007391	0.074222783	0.097714018
2242	86661883	135151360	-0.062956477	-0.048385573
2242	131634760	24856436	0.05976903	0.079245072
2242	131634760	118502708	-0.009399641	0.004809467
2242	131634760	54761306	0.033016787	0.052601914
2242	131634760	16007391	0.084391971	0.102205516
2242	131634760	135151360	-0.001840433	0.010319429
2242	131634760	25227436	0.010470336	0.02142506
2242	131634760	52913813	0.021061122	0.034449362
2242	131634760	10127622	0.059516511	0.081995284
2242	131634760	49846579	0.012559983	0.030466877
2242	86661883	54761306	0.069122847	0.114979944
2242	86661883	24856436	0.110304505	0.139636773
2242	86661883	118502708	-0.013243554	0.00034628
2242	86661883	25227436	-0.047298586	-0.030836495
2242	86661883	16007391	0.076930783	0.101208942
2242	86661883	135151360	-0.022831601	-0.010892312
2242	86661883	10127622	0.008045354	0.063377351
2242	86661883	52913813	-0.111087679	-0.059991071
2242	49846579	54761306	-0.059564118	-0.002742973
2242	49846579	24856436	0.030141649	0.070799175
2242	49846579	16007391	-0.028636534	0.001944349
2242	49846579	118502708	-0.012785256	0.006044998
2242	49846579	135151360	-0.038077862	-0.017234937
2242	49846579	25227436	-0.045673462	-0.01553497
2242	49846579	52913813	0.007334095	0.020686406
2242	11707110	51001932	0.086792008	0.102041656
2242	49846579	24771867	-0.007867118	0.01000287
2242	49846579	10127622	-0.01214862	0.032764207
2242	46700756	104842	-0.161085228	-0.087108311
2242	86661883	10127622	-0.020344623	0.045963827
2242	86661883	52913813	-0.086297957	-0.048611302
2242	49846579	54761306	-0.043607614	0.012302353
2242	49846579	24856436	0.007692616	0.05916425
2242	49846579	16007391	-0.020301851	0.008190146
2242	49846579	118502708	-0.0351526	-0.019035444
2242	49846579	135151360	-0.025704033	-0.001404426
2242	49846579	25227436	-0.019064362	0.005022732
2242	49846579	52913813	-0.065427934	-0.041131465
2242	11707110	51001932	0.102208379	0.123478787
2242	49846579	24771867	0.044961952	0.059803178
2242	49846579	10127622	-0.036501892	0.013554285
2242	46700756	104842	-0.152977995	-0.08120605
2242	86661883	10127622	-0.043761009	0.022859217
2242	86661883	52913813	-0.081454864	-0.04291779
2242	49846579	54761306	-0.041143177	0.014597305
2242	49846579	24856436	-0.012642592	0.042008792
2242	49846579	16007391	-0.038897997	-0.007534261
2242	49846579	118502708	0.000980159	0.015940909
2242	49846579	135151360	-0.036131247	-0.015837223
2242	49846579	25227436	-0.044216727	-0.02151086
2242	49846579	52913813	-0.063544959	-0.039877591
2242	11707110	51001932	0.10664728	0.120543791
2242	49846579	24771867	-0.016355184	0.003221553
2242	49846579	10127622	-0.044370447	0.006456065
2242	46700756	104842	-0.104625611	-0.036153289
2242	131634760	24856436	0.0580609	0.077425356
2242	131634760	118502708	-0.005124046	0.003490212
2242	131634760	54761306	0.060600353	0.081899546
2242	131634760	16007391	0.052514204	0.065823242
2242	131634760	135151360	-0.002314941	0.007143168
2242	131634760	25227436	0.002742426	0.013352462
2242	131634760	52913813	-0.001950469	0.006832604
2242	131634760	10127622	0.08091619	0.096445567
2242	131634760	49846579	-0.001241457	0.009679588
2242	86661883	54761306	0.107589242	0.139251093
2242	86661883	24856436	0.122544879	0.140406474
2242	86661883	118502708	-0.034520425	-0.022509768
2242	86661883	25227436	-0.026372508	-0.012565277
2242	86661883	16007391	0.098726991	0.110231387
2242	86661883	135151360	-0.025921298	-0.015874434
2242	131634760	24856436	0.037683379	0.061878378
2242	131634760	118502708	-0.021926719	-0.007289674
2242	131634760	54761306	0.036957081	0.053191485
2242	131634760	16007391	0.023822708	0.047943707
2242	131634760	135151360	0.014750474	0.024949022
2242	131634760	25227436	0.011819579	0.022735646
2242	131634760	52913813	-0.006329343	0.004808257
2242	131634760	10127622	0.091542899	0.106444667
2242	131634760	49846579	0.01713387	0.027765279
2242	86661883	54761306	0.084101981	0.12520254
2242	86661883	24856436	0.090310444	0.114288296
2242	86661883	118502708	-0.048081045	-0.0306821
2242	86661883	25227436	-0.06116777	-0.042197627
2242	86661883	16007391	0.065150419	0.082637712
2242	86661883	135151360	-0.041081586	-0.029051207
2242	131634760	24856436	0.07255361	0.096362017
2242	131634760	118502708	0.00112445	0.011525036
2242	131634760	54761306	0.0287827	0.042957908
2242	131634760	16007391	0.052011354	0.070289568
2242	131634760	135151360	-0.018960401	-0.007642543
2242	131634760	25227436	-0.002736278	0.007468674
2242	131634760	52913813	-0.013208063	-0.000133989
2242	131634760	10127622	0.079599933	0.095432477
2242	131634760	49846579	0.019238903	0.028926545
2242	86661883	54761306	0.094334938	0.136651628
2242	86661883	24856436	0.088230729	0.104859279
2242	86661883	118502708	-0.029947808	-0.011258058
2242	86661883	25227436	-0.06171929	-0.044653026
2242	86661883	16007391	0.134527844	0.146564406
2242	86661883	135151360	0.01291475	0.024273393
2242	86661883	10127622	0.01378064	0.079637025
2242	86661883	52913813	-0.062997961	-0.035349188
2242	49846579	54761306	-0.041947385	0.006855908
2242	49846579	24856436	-0.021424826	0.026680626
2242	49846579	16007391	-0.007460326	0.016452564
2242	49846579	118502708	-0.018458814	-0.00299032
2242	49846579	135151360	-0.011574647	0.003194445
2242	49846579	25227436	-0.07563263	-0.056810403
2242	49846579	52913813	-0.038207023	-0.02585443
2242	11707110	51001932	0.091005648	0.111522104
2242	49846579	24771867	0.005159239	0.023970804
2242	49846579	10127622	-0.011428517	0.031852072
2242	46700756	104842	-0.092359065	-0.018518425
2242	86661883	10127622	0.026678641	0.091231417
2242	86661883	52913813	-0.001478259	0.020197892
2242	49846579	54761306	-0.017915523	0.026519486
2242	49846579	24856436	0.053340636	0.090634646
2242	49846579	16007391	-0.01813695	0.008929071
2242	49846579	118502708	-0.026660025	-0.0112863
2242	49846579	135151360	-0.020680037	-0.002361998
2242	49846579	25227436	-0.062797254	-0.039741723
2242	49846579	52913813	-0.046542676	-0.033555742
2242	11707110	51001932	0.109382573	0.133980621
2242	49846579	24771867	0.00884871	0.03022408
2242	49846579	10127622	-0.019768674	0.023140409
2242	46700756	104842	-0.111315379	-0.035853063
2242	86661883	10127622	0.061436579	0.127069888
2242	86661883	52913813	0.013645511	0.028304459
2242	49846579	54761306	-0.00657581	0.038774961
2242	49846579	24856436	-0.001382509	0.047167923
2242	49846579	16007391	0.006050176	0.035788604
2242	49846579	118502708	-0.034629102	-0.013437217
2242	49846579	135151360	-0.05247681	-0.024790551
2242	49846579	25227436	-0.075436728	-0.058078
2242	49846579	52913813	-0.052008232	-0.037904534
2242	11707110	51001932	0.08872585	0.11098559
2242	49846579	24771867	0.007108078	0.031374926
2242	49846579	10127622	-0.006783874	0.040100358
2242	46700756	104842	-0.094686309	-0.019118615
2242	131634760	24856436	0.061144339	0.08853788
2242	131634760	118502708	0.024625411	0.034568572
2242	131634760	54761306	0.067669082	0.081703804
2242	131634760	16007391	0.090414398	0.102819068
2242	131634760	135151360	-0.040932794	-0.028588429
2242	131634760	25227436	0.001440277	0.010088216
2242	131634760	52913813	0.01175876	0.029680093
2242	131634760	10127622	0.03918722	0.07399951
2242	131634760	49846579	0.089395761	0.109046587
2242	86661883	54761306	0.082268497	0.123995398
2242	86661883	24856436	0.087520191	0.103679808
2242	86661883	118502708	0.03497869	0.049628598
2242	86661883	25227436	-0.072570176	-0.0560133
2242	86661883	16007391	0.114338281	0.132952977
2242	86661883	135151360	-0.009617356	0.001767093
2242	131634760	24856436	0.093719581	0.116464659
2242	131634760	118502708	-0.011027712	0.000933172
2242	131634760	54761306	0.068727767	0.082797339
2242	131634760	16007391	0.064899389	0.07856813
2242	131634760	135151360	-0.037875176	-0.025400778
2242	131634760	25227436	-0.007912966	0.003065888
2242	131634760	52913813	0.032972849	0.050122127
2242	131634760	10127622	0.103314565	0.126024693
2242	131634760	49846579	0.105569109	0.120944903
2242	86661883	54761306	0.036995756	0.085607764
2242	86661883	24856436	0.108361729	0.124516387
2242	86661883	118502708	0.026181911	0.039629694
2242	86661883	25227436	-0.086097521	-0.065085577
2242	86661883	16007391	0.18919274	0.203236713
2242	86661883	135151360	-0.013136389	-0.001390472
2242	131634760	24856436	0.114580572	0.142991571
2242	131634760	118502708	0.010288906	0.020381862
2242	131634760	54761306	0.055611917	0.069674881
2242	131634760	16007391	0.062471622	0.075393561
2242	131634760	135151360	0.002928546	0.011741984
2242	131634760	25227436	-0.001016341	0.008966814
2242	131634760	52913813	0.02686317	0.044128334
2242	131634760	10127622	0.054830455	0.080007413
2242	131634760	49846579	0.04841533	0.072987644
2242	86661883	54761306	0.063683739	0.102969242
2242	86661883	24856436	0.137727116	0.153751194
2242	86661883	118502708	-0.007348196	0.009559288
2242	86661883	25227436	-0.087538248	-0.067796585
2242	86661883	16007391	0.18521251	0.197034366
2242	86661883	135151360	-0.022804757	-0.008969846
2242	86661883	10127622	0.010572503	0.073308827
2242	86661883	52913813	0.005012074	0.029130228
2242	49846579	54761306	-0.015732721	0.024042634
2242	49846579	24856436	0.063615357	0.096969524
2242	49846579	16007391	-0.033915008	-0.015320498
2242	49846579	118502708	-0.002525754	0.013132313
2242	49846579	135151360	-0.042247848	-0.024178895
2242	49846579	25227436	-0.014655345	0.001014442
2242	49846579	52913813	-0.000562838	0.010481515
2242	11707110	51001932	0.084792788	0.11480211
2242	49846579	24771867	0.006422103	0.03040576
2242	49846579	10127622	-0.014306157	0.019223381
2242	46700756	104842	-0.080964265	-0.008787839
2242	86661883	10127622	0.025391394	0.086759648
2242	86661883	52913813	0.000315346	0.033369443
2242	49846579	54761306	-0.066536255	-0.02209862
2242	49846579	24856436	0.05266083	0.085979544
2242	49846579	16007391	-0.062723649	-0.032330768
2242	49846579	118502708	-0.017226401	0.000383485
2242	49846579	135151360	-0.023078675	-0.005261802
2242	49846579	25227436	-0.074126503	-0.049481349
2242	49846579	52913813	0.000272969	0.018980017
2242	11707110	51001932	0.104640465	0.145273498
2242	49846579	24771867	-0.016059766	0.01257765
2242	49846579	10127622	-0.009206367	0.028465102
2242	46700756	104842	-0.067594334	0.003524915
2242	86661883	10127622	0.000981656	0.061826055
2242	86661883	52913813	-0.002547767	0.025134169
2242	49846579	54761306	-0.042268219	-0.000570975
2242	49846579	24856436	0.007229263	0.051187298
2242	49846579	16007391	-0.064865357	-0.037965217
2242	49846579	118502708	0.001387344	0.018155995
2242	49846579	135151360	-0.003476076	0.009988311
2242	49846579	25227436	-0.064208093	-0.042247131
2242	49846579	52913813	-0.002279388	0.017811187
2242	11707110	51001932	0.056772707	0.09712934
2242	49846579	24771867	-0.027498319	-0.001086039
2242	49846579	10127622	-0.056170909	-0.009396763
2242	46700756	104842	-0.055833658	0.016501322
2242	86661883	10127622	0.003723773	0.071618464
2242	86661883	52913813	0.015165472	0.031045521
2242	49846579	54761306	0.016142628	0.041271155
2242	49846579	24856436	-0.027689503	-0.011440533
2242	49846579	16007391	0.004015147	0.023297253
2242	49846579	118502708	0.046066515	0.056155816
2242	49846579	135151360	-0.058494263	-0.039293513
2242	49846579	25227436	-0.044405058	-0.031570996
2242	49846579	52913813	-0.022226304	-0.013628219
2242	11707110	51001932	0.10835396	0.132682794
2242	49846579	24771867	0.069496174	0.079623997
2242	49846579	10127622	-0.018440253	-0.004961354
2242	46700756	104842	-0.09522575	-0.020518717
2242	86661883	10127622	-0.019062278	0.050932148
2242	86661883	52913813	-0.017004674	-0.000498282
2242	49846579	54761306	0.018476983	0.036987112
2242	49846579	24856436	0.026858953	0.044007732
2242	49846579	16007391	0.003023426	0.02118221
2242	49846579	118502708	-0.025153569	-0.006187611
2242	49846579	135151360	-0.002704229	0.007636188
2242	49846579	25227436	-0.088379298	-0.067831384
2242	49846579	52913813	-0.018325863	-0.009415383
2242	11707110	51001932	0.097598609	0.121194573
2242	49846579	24771867	0.066554789	0.07575477
2242	49846579	10127622	-0.010026216	0.004561361
2242	46700756	104842	-0.102446668	-0.027087148
2242	86661883	10127622	-0.036367762	0.033409188
2242	86661883	52913813	0.034612344	0.050660794
2242	49846579	54761306	0.010131569	0.027452391
2242	49846579	24856436	-0.013122511	0.003190619
2242	49846579	16007391	-0.00387294	0.016067556
2242	49846579	118502708	0.015578487	0.028033605
2242	49846579	135151360	-0.041959101	-0.024459607
2242	49846579	25227436	-0.079339226	-0.060031778
2242	49846579	52913813	-0.014609918	-0.004874843
2242	11707110	51001932	0.087956821	0.113910063
2242	49846579	24771867	0.052302441	0.064546159
2242	49846579	10127622	-0.020235012	-0.005175454
2242	46700756	104842	-0.127409861	-0.050912288
2242	131634760	24856436	0.061346458	0.097520943
2242	131634760	118502708	-0.003498076	0.011001896
2242	131634760	54761306	0.077315915	0.12628714
2242	131634760	16007391	0.041434593	0.05940587
2242	131634760	135151360	-0.050678998	-0.036412538
2242	131634760	25227436	-0.003639305	0.017189936
2242	131634760	52913813	-0.009390979	0.015986032
2242	131634760	10127622	0.042986314	0.108830059
2242	131634760	49846579	-0.008152486	0.015397008
2242	86661883	54761306	0.013249765	0.064295637
2242	86661883	24856436	0.094246146	0.113814434
2242	86661883	118502708	0.018014351	0.035127942
2242	86661883	25227436	-0.040784809	-0.026255881
2242	86661883	16007391	0.101466629	0.1216572
2242	86661883	135151360	-0.008465054	0.005332186
2242	131634760	24856436	0.013096193	0.071469794
2242	131634760	118502708	-0.006531128	0.013657817
2242	131634760	54761306	0.059357757	0.106569761
2242	131634760	16007391	0.036655261	0.055321964
2242	131634760	135151360	-0.039141838	-0.021020446
2242	131634760	25227436	0.026997125	0.042604452
2242	131634760	52913813	-0.011345006	0.015794203
2242	131634760	10127622	0.031806155	0.096271138
2242	131634760	49846579	0.001532134	0.016023998
2242	86661883	54761306	0.084930892	0.119074124
2242	86661883	24856436	0.101344865	0.12728504
2242	86661883	118502708	-0.019193751	-0.006628831
2242	86661883	25227436	-0.063492964	-0.049961926
2242	86661883	16007391	0.100178696	0.11928711
2242	86661883	135151360	-0.047848506	-0.036814471
2242	131634760	24856436	0.004984863	0.058389259
2242	131634760	118502708	-0.019973212	-0.003209868
2242	131634760	54761306	0.057481373	0.110956142
2242	131634760	16007391	0.03529856	0.071568249
2242	131634760	135151360	-0.029074344	-0.012853611
2242	131634760	25227436	-0.007150687	0.01067822
2242	131634760	52913813	0.004656065	0.019940613
2242	131634760	10127622	0.041212738	0.107703315
2242	131634760	49846579	-0.012535154	0.006710228
2242	86661883	54761306	0.041807024	0.085665263
2242	86661883	24856436	0.122774223	0.142133096
2242	86661883	118502708	-0.002929176	0.008407441
2242	86661883	25227436	-0.05614194	-0.04208051
2242	86661883	16007391	0.113040676	0.131773642
2242	86661883	135151360	-0.067508955	-0.054607645
2242	86661883	10127622	0.060160901	0.121753469
2242	86661883	52913813	-0.009113541	0.025883264
2242	49846579	54761306	-0.026393918	0.008766741
2242	49846579	24856436	0.023472524	0.039602192
2242	49846579	16007391	0.04275882	0.055928068
2242	49846579	118502708	-0.020443314	-0.008310185
2242	49846579	135151360	-0.008571905	0.001955552
2242	49846579	25227436	-0.044140273	-0.029345065
2242	49846579	52913813	-0.035304855	-0.024871339
2242	11707110	51001932	0.081130238	0.109298533
2242	49846579	24771867	0.045179072	0.05738485
2242	49846579	10127622	-0.085840618	-0.073498706
2242	46700756	104842	-0.124653281	-0.047788596
2242	86661883	10127622	0.054940063	0.112354891
2242	86661883	52913813	0.008868459	0.042359543
2242	49846579	54761306	-0.019330918	0.010192412
2242	49846579	24856436	0.035952474	0.052131839
2242	49846579	16007391	0.061805445	0.075909039
2242	49846579	118502708	0.017769857	0.029339281
2242	49846579	135151360	0.018265378	0.027514529
2242	49846579	25227436	-0.0753474	-0.053541726
2242	49846579	52913813	-0.02212815	-0.013051063
2242	11707110	51001932	0.098723828	0.130738837
2242	49846579	24771867	0.048606501	0.058560347
2242	49846579	10127622	-0.042197779	-0.028933319
2242	46700756	104842	-0.114231001	-0.038715431
2242	86661883	10127622	0.059989842	0.122297498
2242	86661883	52913813	-0.022098238	0.017369186
2242	49846579	54761306	-0.058832871	-0.030837502
2242	49846579	24856436	-0.023390528	-0.006513079
2242	49846579	16007391	0.049248325	0.065047821
2242	49846579	118502708	-0.046200061	-0.028436242
2242	49846579	135151360	-0.006255638	0.00679991
2242	49846579	25227436	-0.023025206	-0.00947176
2242	49846579	52913813	-0.019223835	-0.010932983
2242	11707110	51001932	0.097632535	0.127216966
2242	49846579	24771867	-0.001115827	0.012137713
2242	49846579	10127622	-0.045208641	-0.031626328
2242	46700756	104842	-0.125649457	-0.050808974
2242	131634760	24856436	0.016740574	0.069903699
2242	131634760	118502708	-0.008776911	0.011763422
2242	131634760	54761306	0.071271383	0.122950935
2242	131634760	16007391	0.034867251	0.070873103
2242	131634760	135151360	-0.071159514	-0.050816126
2242	131634760	25227436	0.031407021	0.049947451
2242	131634760	52913813	0.03244226	0.054523661
2242	131634760	10127622	0.077443516	0.140671498
2242	131634760	49846579	0.011132396	0.03711405
2242	86661883	54761306	0.009734935	0.067774405
2242	86661883	24856436	0.131922964	0.161610444
2242	86661883	118502708	-0.075201526	-0.054434575
2242	86661883	25227436	-0.056650143	-0.040309627
2242	86661883	16007391	0.126406487	0.157336189
2242	86661883	135151360	-0.045207111	-0.023714041
2242	131634760	24856436	0.048542175	0.093727807
2242	131634760	118502708	-0.01390645	0.000278103
2242	131634760	54761306	0.014473995	0.068247008
2242	131634760	16007391	0.018225592	0.056827143
2242	131634760	135151360	-0.046451517	-0.023481644
2242	131634760	25227436	-0.000634101	0.017576882
2242	131634760	52913813	-0.020081642	0.02212124
2242	131634760	10127622	0.041939847	0.108344233
2242	131634760	49846579	-0.032549862	0.000387899
2242	86661883	54761306	0.001088895	0.062152711
2242	86661883	24856436	0.124404414	0.141402931
2242	86661883	118502708	-0.017185733	0.000617769
2242	86661883	25227436	-0.023512775	-0.002715987
2242	86661883	16007391	0.179742142	0.196201008
2242	86661883	135151360	-0.040766047	-0.019527471
2242	131634760	24856436	0.026263385	0.077662897
2242	131634760	118502708	-0.015784841	0.002582485
2242	131634760	54761306	0.037957812	0.090077172
2242	131634760	16007391	0.057712021	0.09204829
2242	131634760	135151360	-0.062451312	-0.040350898
2242	131634760	25227436	-0.001980111	0.023919177
2242	131634760	52913813	-0.026829018	0.009593405
2242	131634760	10127622	0.045930539	0.110524663
2242	131634760	49846579	0.013001323	0.032523881
2242	86661883	54761306	0.034991615	0.090607066
2242	86661883	24856436	0.159323792	0.182251819
2242	86661883	118502708	0.005462386	0.025128638
2242	86661883	25227436	-0.092361315	-0.073619528
2242	86661883	16007391	0.159878545	0.178372511
2242	86661883	135151360	-0.029168064	-0.013990168
2242	86661883	10127622	0.061554209	0.095859138
2242	86661883	52913813	0.014217023	0.039222027
2242	49846579	54761306	-0.030389892	0.003555144
2242	49846579	24856436	-0.005880305	0.010815646
2242	49846579	16007391	0.000988305	0.015764916
2242	49846579	118502708	-0.020497648	-0.010923228
2242	49846579	135151360	-0.012444593	-0.001185999
2242	49846579	25227436	-0.050886194	-0.030521478
2242	49846579	52913813	-0.014982738	-0.004668717
2242	11707110	51001932	0.088777964	0.116810982
2242	49846579	24771867	0.071082056	0.084381221
2242	49846579	10127622	-0.035400549	-0.020273875
2242	46700756	104842	-0.084663854	-0.010050901
2242	86661883	10127622	0.066776441	0.112705575
2242	86661883	52913813	-0.006723888	0.017956819
2242	49846579	54761306	0.016775676	0.038392955
2242	49846579	24856436	0.039680948	0.056332014
2242	49846579	16007391	0.029499871	0.041786861
2242	49846579	118502708	-0.012462508	-0.003846732
2242	49846579	135151360	-0.023885453	-0.013204507
2242	49846579	25227436	-0.042526839	-0.02591455
2242	49846579	52913813	-0.006501203	0.005031299
2242	11707110	51001932	0.093935605	0.123822655
2242	49846579	24771867	0.103736076	0.115313545
2242	49846579	10127622	-0.038272127	-0.025272695
2242	46700756	104842	-0.09238173	-0.017325208
2242	86661883	10127622	0.045048761	0.097151889
2242	86661883	52913813	-0.045495999	-0.018006914
2242	49846579	54761306	0.012160154	0.033695257
2242	49846579	24856436	-0.025671315	-0.009088621
2242	49846579	16007391	0.024087686	0.035784136
2242	49846579	118502708	0.009765319	0.019147273
2242	49846579	135151360	-0.010621623	0.000465778
2242	49846579	25227436	0.002156755	0.013539646
2242	49846579	52913813	-0.028597699	-0.018934715
2242	11707110	51001932	0.119065231	0.144564051
2242	49846579	24771867	0.066794328	0.077086594
2242	49846579	10127622	-0.051109014	-0.037332513
2242	46700756	104842	-0.073445026	0.000856919
2242	131634760	24856436	0.022279928	0.04630169
2242	131634760	118502708	-0.03743449	-0.024036354
2242	131634760	54761306	0.039860796	0.055344439
2242	131634760	16007391	0.066247576	0.081190074
2242	131634760	135151360	-0.032447681	-0.022372673
2242	131634760	25227436	-0.005879001	0.009281868
2242	131634760	52913813	0.005511221	0.019573374
2242	131634760	10127622	0.076049704	0.093949316
2242	131634760	49846579	-0.002580764	0.01562262
2242	86661883	54761306	0.033002636	0.085255321
2242	86661883	24856436	0.107992873	0.127801973
2242	86661883	118502708	0.002313676	0.01998276
2242	86661883	25227436	-0.055259362	-0.032862292
2242	86661883	16007391	0.125803191	0.14965429
2242	86661883	135151360	-0.058934789	-0.032558612
2242	131634760	24856436	0.021516115	0.039948856
2242	131634760	118502708	-0.000789573	0.008778392
2242	131634760	54761306	0.021294267	0.035377516
2242	131634760	16007391	0.094499064	0.107875022
2242	131634760	135151360	-0.021999011	-0.011541929
2242	131634760	25227436	0.012677612	0.021133451
2242	131634760	52913813	0.015313966	0.031080321
2242	131634760	10127622	0.108011341	0.124429396
2242	131634760	49846579	0.053447976	0.06484078
2242	86661883	54761306	0.030168428	0.077168703
2242	86661883	24856436	0.076683846	0.096866862
2242	86661883	118502708	-0.05222004	-0.024029537
2242	86661883	25227436	-0.071176086	-0.047208095
2242	86661883	16007391	0.110757909	0.136424016
2242	86661883	135151360	-0.022641435	-0.004993896
2242	131634760	24856436	-0.001277889	0.02607161
2242	131634760	118502708	-0.008674596	0.001830218
2242	131634760	54761306	0.03649138	0.051505295
2242	131634760	16007391	0.046837723	0.06504965
2242	131634760	135151360	-0.022166716	-0.01127064
2242	131634760	25227436	0.020555726	0.031061733
2242	131634760	52913813	0.013255689	0.031729947
2242	131634760	10127622	0.082382505	0.101860283
2242	131634760	49846579	0.050749193	0.062579149
2242	86661883	54761306	0.076251555	0.119198087
2242	86661883	24856436	0.081093488	0.107109239
2242	86661883	118502708	-0.035009898	-0.012761812
2242	86661883	25227436	-0.049899394	-0.027544126
2242	86661883	16007391	0.153683911	0.172396156
2242	86661883	135151360	-0.041137127	-0.020197271
2242	118693659	24856436	-0.0345429749009407	-0.0044817223976087
2242	118693659	131634760	0.149058129682211	0.159380889985367
2242	118693659	54761306	0.0057275546580669	0.0193105926464411
2242	118693659	16007391	0.0193001173800203	0.0405516211724758
2242	118693659	49846579	-0.0609516646541544	-0.0425225275297427
2242	118693659	86661883	0.0077808144924098	0.0230688038828504
2242	118693659	10127622	0.0531740401792048	0.0888527621755492
2242	68289010	131634760	0.0075438348975801	0.0160155083114899
2242	68289010	86661883	-0.0193190867814732	-0.0030742302796712
2242	68289010	49846579	-0.0067837401540175	0.0024521706999961
2242	10127622	54761306	0.0327608252681124	0.100483924384092
2242	10127622	16007391	0.0130076252413396	0.0335057140830731
2242	123631	126689157	-0.0426345757988975	-0.0329349139253075
2242	10127622	24856436	0.0095059689054051	0.0552498595282134
2242	10127622	126689157	-0.0230603823194962	-0.0091619428748618
2242	118693659	24856436	-0.0105602513965424	0.0196385811056914
2242	118693659	131634760	0.145686463691705	0.157377490719394
2242	118693659	54761306	-0.0360537744231898	-0.0213395141376604
2242	118693659	16007391	0.0205464403043833	0.0383568159713652
2242	118693659	49846579	-0.0738121517985766	-0.0585738051906851
2242	118693659	86661883	0.0175884875999428	0.0389582080681697
2242	118693659	10127622	0.0864946175057574	0.134491601480722
2242	68289010	131634760	-0.0192582653142871	-0.0086774105623675
2242	68289010	86661883	-0.0137353208641347	0.0021057885567442
2242	68289010	49846579	-0.0254809974772321	-0.0119777220560055
2242	10127622	54761306	0.0144856585471321	0.0820297845660102
2242	10127622	16007391	-0.0083134323379274	0.0076903612833535
2242	123631	126689157	-0.0506799516196476	-0.0390825660961819
2242	10127622	24856436	-0.0027338217238224	0.0422266590700088
2242	10127622	126689157	-0.0422414777233871	-0.0304265324242358
2242	118693659	24856436	-0.0506347504397283	-0.0190350052418931
2242	118693659	131634760	0.143260761507713	0.151836377226391
2242	118693659	54761306	0.0024837262185249	0.0186262511020896
2242	118693659	16007391	0.0175567452878993	0.0356395253292983
2242	118693659	49846579	-0.0226258650112927	-0.0129456018633469
2242	118693659	86661883	0.0183564184223162	0.0349857814668585
2242	118693659	10127622	0.0948248370777562	0.139110109023515
2242	68289010	131634760	-0.0224767614673866	-0.0123739238254433
2242	68289010	86661883	-0.0102586463654161	0.005492066707365
2242	68289010	49846579	-0.0834470882342246	-0.068332153727317
2242	10127622	54761306	0.0395875241685982	0.103010845722626
2242	10127622	16007391	0.0472866117686207	0.0625478969956349
2242	123631	126689157	-0.0353581596996171	-0.0273048947271322
2242	10127622	24856436	-0.0034771747029329	0.0359101621004496
2242	10127622	126689157	-0.0300193691234097	-0.0168522035955986
2242	25227436	16007391	0.0857797239669065	0.101307554523787
2242	25227436	54761306	-0.0261474613005344	0.0205298902161657
2242	25227436	126689157	-0.0338493651313184	-0.0212056044945784
2242	25227436	118693659	0.0573673903029636	0.0739046434461558
2242	25227436	5330286	-0.0204559489293812	0.0017408638734738
2242	25227436	10127622	0.0925396606019981	0.139531266019968
2242	5330286	131634760	-0.0546727646443387	-0.0391538120439312
2242	5330286	86661883	-0.0041104725191566	0.0064357352801908
2242	5330286	49846579	-0.0309877201190715	-0.0225313378170051
2242	208908	11626560	-0.0035551710690239	0.0105657602648207
2242	3062316	11707110	-0.0502920121898494	-0.0391036816028534
2242	5330286	10127622	0.0015641436432886	0.0130822004158718
2242	25227436	16007391	0.0702405662448632	0.0833907761957199
2242	25227436	54761306	-0.0172213606211966	0.0192765654814712
2242	25227436	126689157	-0.0360154667504655	-0.0134478487358345
2242	25227436	118693659	0.0899414346584479	0.103379816961854
2242	25227436	5330286	-0.0186619846148074	0.0010540096534847
2242	25227436	10127622	0.0794745245034056	0.130634181841076
2242	5330286	131634760	-0.0045182210277589	0.0099064686110743
2242	5330286	86661883	-0.0892144611236133	-0.0673251715930222
2242	5330286	49846579	-0.0322105195731089	-0.0240089572402948
2242	208908	11626560	0.0570525363668329	0.0706476575759799
2242	3062316	11707110	-0.0606260126537828	-0.0518558374447683
2242	5330286	10127622	-0.0646460001586992	-0.0555970676878768
2242	25227436	16007391	0.0528924595537331	0.0690591557809693
2242	25227436	54761306	-0.0518217297351698	-0.000181327615122777
2242	25227436	126689157	-0.0271686492408978	-0.0139091130236136
2242	25227436	118693659	0.0958379767253553	0.111401256996497
2242	25227436	5330286	-0.056328031933712	-0.0232590759324857
2242	25227436	10127622	0.0953085982297425	0.135036799400883
2242	5330286	131634760	-0.0125381318567578	0.0035227682550684
2242	5330286	86661883	-0.0527200839107265	-0.0374723673873853
2242	5330286	49846579	-0.030731934976877	-0.0221386103772928
2242	208908	11626560	0.0026636595931843	0.015161979766692
2242	3062316	11707110	-0.0543549490748161	-0.0416845537718043
2242	5330286	10127622	-0.0247580439810424	-0.0130687356721025
2242	118693659	24856436	0.0144692075836049	0.0480915883795317
2242	118693659	131634760	0.144526480933494	0.160395186333733
2242	118693659	54761306	0.0600579707915269	0.0758038489652033
2242	118693659	16007391	0.0839289904543234	0.104974265406777
2242	118693659	49846579	-0.0252217943796559	-0.0125049355045496
2242	118693659	86661883	-0.000921070713472859	0.012594899213154
2242	118693659	10127622	0.0646872410699569	0.108380918680407
2242	68289010	131634760	-0.0076274998092068	0.0035371472813192
2242	68289010	86661883	0.0253913053849007	0.0514314278178798
2242	68289010	49846579	-0.0514439109864053	-0.0359392493886819
2242	10127622	54761306	0.0316973330019961	0.0972471747167304
2242	10127622	16007391	0.0382918024979778	0.0711802564192162
2242	123631	126689157	-0.0657237493301197	-0.054710955892097
2242	10127622	24856436	0.0033908332870002	0.0663660916822299
2242	10127622	126689157	0.0041337238581923	0.0214316152664909
2242	118693659	24856436	-0.0243239517868828	0.0218510123319545
2242	118693659	131634760	0.131141713823207	0.145489160620793
2242	118693659	54761306	0.0153698179177371	0.0324072759291067
2242	118693659	16007391	0.0498247750860222	0.0825742181157722
2242	118693659	49846579	-0.0782347202692238	-0.0552597066951388
2242	118693659	86661883	0.0129567759084305	0.0315534340897678
2242	118693659	10127622	0.0756284263538215	0.115421896322788
2242	68289010	131634760	0.0177579973213033	0.0271366578469287
2242	68289010	86661883	-0.0242423401504835	0.0097315753562687
2242	68289010	49846579	-0.0553589805364797	-0.0362005730893502
2242	10127622	54761306	0.013102414345209	0.0826412401205407
2242	10127622	16007391	0.0116984193584569	0.048905171508091
2242	123631	126689157	-0.043410803037916	-0.0331267744043419
2242	10127622	24856436	-0.00372665331062	0.065407531888425
2242	10127622	126689157	-0.0341426152065601	-0.0204327719995952
2242	118693659	24856436	-0.109020614347013	-0.0622155036230305
2242	118693659	131634760	0.168878388548243	0.176811842778746
2242	118693659	54761306	-0.0056346601155431	0.0178274622729504
2242	118693659	16007391	-0.0172937422573814	0.000868657565156316
2242	118693659	49846579	-0.087644629990849	-0.059559739949869
2242	118693659	86661883	0.0101695790136033	0.0239772519863541
2242	118693659	10127622	0.0458105750986113	0.0774414984706201
2242	68289010	131634760	-0.0260866172210762	-0.018093003660361
2242	68289010	86661883	0.0063871663800797	0.0186119260874931
2242	68289010	49846579	-0.0472423462996192	-0.0348359232146147
2242	10127622	54761306	0.0090285309534592	0.0706097832072695
2242	10127622	16007391	0.0083809970718634	0.0191270982634511
2242	123631	126689157	-0.0371879630750206	-0.0270595446338728
2242	10127622	24856436	-0.03707884342283	0.0164223791838024
2242	10127622	126689157	-0.0275769950105571	-0.0158148381786303
2242	25227436	16007391	0.0675121492562891	0.0957208231557992
2242	25227436	54761306	-0.0643485907384942	-0.0077585324608054
2242	25227436	126689157	-0.102895475223551	-0.0730560492373193
2242	25227436	118693659	0.0915045135624013	0.107557538185804
2242	25227436	5330286	0.0206018700220698	0.0406914721970414
2242	25227436	10127622	0.0956893505296761	0.145182619041334
2242	5330286	131634760	-7.37786863458839e-05	0.0104839253810951
2242	5330286	86661883	-0.0609444999229906	-0.0369125940834586
2242	5330286	49846579	-0.0254527671101629	-0.017460955002295
2242	208908	11626560	0.000193918564801923	0.0198991846182337
2242	3062316	11707110	0.0155225900237363	0.0227743786580451
2242	5330286	10127622	-0.0186810953130845	-0.0099424417107988
2242	208908	24964624	0.0202715840279896	0.0313745616650925
2242	25227436	16007391	0.0727123305365658	0.0970303825612715
2242	25227436	54761306	-0.0786115188753858	-0.0208697712527372
2242	25227436	126689157	-0.0359917553869931	-0.0151580232021825
2242	25227436	118693659	0.034142908242118	0.0582026597183804
2242	25227436	5330286	0.021115785776823	0.0374792121962734
2242	25227436	10127622	0.0884898384023301	0.1243842272284
2242	5330286	131634760	-0.0346035051473935	-0.0246174747207655
2242	5330286	86661883	-0.124744484021779	-0.0996353203753619
2242	5330286	49846579	-0.0322674830798831	-0.0215822385255427
2242	208908	11626560	-0.0097432902371905	0.0027106723521408
2242	3062316	11707110	0.0246674819821014	0.031812437865115
2242	5330286	10127622	-0.0129228376686493	-0.0021194272326295
2242	208908	24964624	0.0266831839999871	0.0356461113268441
2242	25227436	16007391	0.0578876170806513	0.0822074726541714
2242	25227436	54761306	0.006985346133576	0.0506815552892609
2242	25227436	126689157	-0.0712107156375324	-0.0484053581746751
2242	25227436	118693659	0.0659942528319415	0.0792881969543909
2242	25227436	5330286	-0.0307248214175908	-0.004480853268468
2242	25227436	10127622	0.0904887796211539	0.141947934977094
2242	5330286	131634760	-0.0153057106396627	-0.0053201581616212
2242	5330286	86661883	-0.0670077646480983	-0.0496953133458013
2242	5330286	49846579	-0.0145845847526618	-0.0064572575587275
2242	208908	11626560	-0.0161456611635926	0.0013534793253483
2242	3062316	11707110	-0.0215044711976358	-0.013244508146775
2242	5330286	10127622	0.0077253689191809	0.0288723868511668
2242	208908	24964624	0.0212814137865873	0.0308495255520283
2242	118693659	24856436	-0.0172778448799642	0.0125672755810105
2242	118693659	131634760	0.119937724123693	0.132222394847053
2242	118693659	54761306	0.0283012192899192	0.0438559869472793
2242	118693659	16007391	0.0644199440506777	0.082427311348497
2242	118693659	49846579	-0.0787707152024699	-0.0658489721812073
2242	118693659	86661883	0.0478037201140064	0.0594766554225499
2242	118693659	10127622	0.0654750758367033	0.104039121677903
2242	68289010	131634760	-0.0594891947777444	-0.0388932139988994
2242	68289010	86661883	-0.0183518454890962	-0.0016731090023332
2242	68289010	49846579	-0.0595561815354127	-0.0440037674506069
2242	10127622	54761306	0.0328353501176715	0.0934638141132551
2242	10127622	16007391	-0.0140613555215759	0.0236723120913658
2242	123631	126689157	-0.0359692552858129	-0.0268107021284536
2242	10127622	24856436	0.017534688974136	0.0709315417347092
2242	10127622	126689157	-0.0143271092009869	0.000774649051899346
2242	118693659	24856436	-0.0174377352250917	0.0156121664461252
2242	118693659	131634760	0.124499907193878	0.138208208039098
2242	118693659	54761306	0.0257339809398238	0.0394214730961885
2242	118693659	16007391	0.0785745650779823	0.0968483012192869
2242	118693659	49846579	-0.0516634568994372	-0.037609990810379
2242	118693659	86661883	0.0436817945228485	0.0581134696449609
2242	118693659	10127622	0.111986538839145	0.140521193310742
2242	68289010	131634760	-0.022864875491967	-0.008122090885777
2242	68289010	86661883	0.0449863193488587	0.064279953130296
2242	68289010	49846579	-0.0329417876993165	-0.019994713913202
2242	10127622	54761306	0.0152392869425354	0.0785382578824532
2242	10127622	16007391	0.038119648624249	0.0675409246154437
2242	123631	126689157	-0.031358316214259	-0.022518388528762
2242	10127622	24856436	-0.0133195201732868	0.0508270202364246
2242	10127622	126689157	-0.0102442925895885	0.0091008111473958
2242	118693659	24856436	-0.0092995007377158	0.0218215229470177
2242	118693659	131634760	0.147211625822307	0.15980616590164
2242	118693659	54761306	0.036961217228873	0.0530556778511991
2242	118693659	16007391	0.104959285697827	0.118371422608194
2242	118693659	49846579	-0.0249740257006188	-0.0132474311457822
2242	118693659	86661883	0.0435328502436578	0.061050800020084
2242	118693659	10127622	0.0733351403051489	0.103295037212131
2242	68289010	131634760	0.0319774304593282	0.0412634862650809
2242	68289010	86661883	0.0112495426372669	0.0293309479803868
2242	68289010	49846579	-0.0315069221656123	-0.0205106497804891
2242	10127622	54761306	0.0220367893556735	0.0864488304770315
2242	10127622	16007391	0.042265673451803	0.0721214555824298
2242	123631	126689157	-0.0447337389139785	-0.0334426546573499
2242	10127622	24856436	-0.0176689269054475	0.0431608687311218
2242	10127622	126689157	-0.0121963504502211	0.0050684809472808
2242	25227436	16007391	0.0448725561722801	0.0677363528302819
2242	25227436	54761306	-0.0577330481323263	-0.0049689938167104
2242	25227436	126689157	-0.0691667449550211	-0.0457528327036184
2242	25227436	118693659	0.0947861601883655	0.107647651448205
2242	25227436	5330286	0.0252091121862285	0.0428560376975157
2242	25227436	10127622	0.0668090241531582	0.111609917284843
2242	5330286	131634760	-0.0204887923500706	-0.0046936033541348
2242	5330286	86661883	-0.0712707236551072	-0.0483576275452668
2242	5330286	49846579	-0.0293810745202349	-0.0212169008101495
2242	208908	11626560	0.000799555203709325	0.0124753309309084
2242	3062316	11707110	0.0189160825007197	0.0254344502413805
2242	5330286	10127622	-0.0458733716639328	-0.0328472437919593
2242	208908	24964624	-0.0145075334320494	-0.0024349257414551
2242	25227436	16007391	0.0438748479872269	0.0682379401936566
2242	25227436	54761306	-0.0462426567291299	0.0052027909600835
2242	25227436	126689157	0.0088213503195336	0.0240748121813356
2242	25227436	118693659	0.0947118240212828	0.106388471869139
2242	25227436	5330286	-0.0312070792240091	-0.000958982731907815
2242	25227436	10127622	0.135956444628366	0.17221316263881
2242	5330286	131634760	0.000244271343972882	0.0116656150928329
2242	5330286	86661883	-0.113275888790781	-0.0796875826223179
2242	5330286	49846579	-0.0240036171002256	-0.0157042381068771
2242	208908	11626560	-0.0092781053673043	0.0030583553268201
2242	3062316	11707110	-0.0063391842303435	2.45318928689851e-05
2242	5330286	10127622	-0.000570840517171022	0.0102531927078836
2242	208908	24964624	0.0236725055855647	0.0326379283128392
2242	25227436	16007391	0.0734891997651454	0.0910862834855615
2242	25227436	54761306	0.0143800082305194	0.0596155689961559
2242	25227436	126689157	-0.0034832357103655	0.0095203134090158
2242	25227436	118693659	0.0504578440652369	0.0703806126677808
2242	25227436	5330286	0.0427274015484171	0.0617104280234162
2242	25227436	10127622	0.0754827167603634	0.11933960847331
2242	5330286	131634760	0.005144940988735	0.0180457753360576
2242	5330286	86661883	-0.113347159788834	-0.0812724341485934
2242	5330286	49846579	-0.0263103904400196	-0.0183426276825693
2242	208908	11626560	0.0122123207343948	0.0254090118206071
2242	3062316	11707110	0.0080285338939425	0.0199428140184603
2242	5330286	10127622	0.0027602604187349	0.0146038422851809
2242	208908	24964624	-0.0102446694325566	0.0039459488494144
2242	25227436	16007391	0.042867642572739	0.0704563904368716
2242	25227436	54761306	-0.0073705033972495	0.0335247905667197
2242	25227436	126689157	-0.0325255924591777	-0.006014821953785
2242	25227436	118693659	-0.0121786253441026	0.000230325622540026
2242	25227436	5330286	-0.0052363733791308	0.0082620936563984
2242	25227436	10127622	0.0728493406355376	0.125253581517208
2242	5330286	131634760	0.0097001779119225	0.0288170572910492
2242	5330286	49846579	-0.0386003215188947	-0.0306089258105317
2242	208908	11626560	0.0272326562540963	0.0475716211193579
2242	3062316	11707110	-0.0336632426478369	0.0065842212339873
2242	5330286	10127622	0.0212801036891384	0.031496730022536
2242	208908	24964624	0.0266371544164444	0.0550508613089563
2242	25227436	16007391	0.0249221456263966	0.0432848002127514
2242	25227436	54761306	0.0190160596517005	0.0567391045994153
2242	25227436	126689157	0.0028537646475009	0.0232747746811106
2242	25227436	118693659	0.0231761610003848	0.0349335576805896
2242	25227436	5330286	0.0460123654440933	0.0587995528853542
2242	25227436	10127622	0.0753407044492375	0.13315298611673
2242	5330286	131634760	0.003395109663407	0.0283172844964086
2242	5330286	49846579	-0.0349868706308474	-0.0270020422719734
2242	208908	11626560	0.0148719772509646	0.0429519722767396
2242	3062316	11707110	-0.0157277631098221	0.008175562663236
2242	5330286	10127622	-0.0025787819586914	0.0072169951665096
2242	208908	24964624	0.0362151647363538	0.0583119321700408
2242	25227436	16007391	0.088664016491114	0.107059529677836
2242	25227436	54761306	-0.0313624946293873	0.0188025568796247
2242	25227436	126689157	-0.0208713575289164	0.0044334318114547
2242	25227436	118693659	0.0332991758555246	0.0439130042396411
2242	25227436	5330286	0.0493812606217368	0.0625985260572642
2242	25227436	10127622	0.0905858452370063	0.152904083500992
2242	5330286	131634760	0.039892296077021	0.0545232820816806
2242	5330286	49846579	-0.0355723418059082	-0.0275809460975452
2242	208908	11626560	-0.005700714109945	0.0228422818605057
2242	3062316	11707110	-0.0199204265124174	-0.0036056650873893
2242	5330286	10127622	-0.0375836812439087	-0.0282739500127838
2242	208908	24964624	0.0562313116763441	0.0721733388078838
2242	118693659	24856436	-0.0547844903365446	-0.0383337466652103
2242	118693659	131634760	0.185372594018175	0.193696507082155
2242	118693659	54761306	0.0345758333067826	0.0464733322758066
2242	118693659	16007391	-0.044415043304592	-0.0299919192306058
2242	118693659	49846579	0.015607945286207	0.0377306205065577
2242	118693659	10127622	0.125796946759769	0.136004182521272
2242	68289010	131634760	0.0408672543728631	0.0536093693029994
2242	68289010	49846579	-0.0463811852765545	-0.0138841193118579
2242	10127622	54761306	0.0445781451039048	0.0846212311863977
2242	10127622	16007391	-0.0259362214803914	0.014984956002655
2242	123631	126689157	-0.0151533610278879	0.0092095405678961
2242	10127622	24856436	0.0224818189829647	0.0600129910457333
2242	10127622	126689157	-0.0269618613219975	0.0084944749457313
2242	118693659	24856436	-0.130037360627012	-0.108869037361006
2242	118693659	131634760	0.17227263431078	0.186150898263324
2242	118693659	54761306	-0.0192817563338376	-0.0062216341579677
2242	118693659	16007391	-0.0016818065778652	0.0114345359719624
2242	118693659	49846579	-0.0358487201558913	-0.0079622763484142
2242	118693659	10127622	0.12540105414098	0.135695314073415
2242	68289010	131634760	0.0405836284880274	0.051911906896643
2242	68289010	49846579	-0.0014103628824335	0.021988719849756
2242	10127622	54761306	0.0637948963809817	0.103601380899099
2242	10127622	16007391	9.32289996126616e-05	0.038812927833257
2242	123631	126689157	-0.005561765311934	0.0127999909547321
2242	10127622	24856436	0.0202994448783565	0.0659939501096607
2242	10127622	126689157	-0.0226159497187551	0.0087344847850846
2242	118693659	24856436	-0.0843864429089768	-0.0655561035478693
2242	118693659	131634760	0.183647825420229	0.192094732725267
2242	118693659	54761306	0.0190864787302286	0.0318062105928593
2242	118693659	16007391	-0.0262908241379784	-0.0051929700792067
2242	118693659	49846579	-0.0435862707006023	-0.0226519617392774
2242	118693659	10127622	0.147935188019166	0.158703119801016
2242	68289010	131634760	0.0393381315648632	0.0501265024758586
2242	68289010	49846579	0.052328920975342	0.0637520088801425
2242	10127622	54761306	0.0592294108224541	0.101881083677161
2242	10127622	16007391	0.0291804836232154	0.0609422188930645
2242	123631	126689157	-0.0375124880769086	-0.0145770985033966
2242	10127622	24856436	-0.0326536885468186	0.0306960234839073
2242	10127622	126689157	-0.0257466763402545	-0.0068297244418096
2242	25227436	16007391	0.0358685440011617	0.058906240392131
2242	25227436	54761306	-0.0396694353274387	-0.0031061972415258
2242	25227436	126689157	-0.0669562513603104	-0.0389450029500861
2242	25227436	118693659	-0.0283914520955687	-0.0178358537150005
2242	25227436	5330286	-0.0107792997818984	-0.000651560786014605
2242	25227436	10127622	0.123337411120391	0.160973544748311
2242	5330286	131634760	-0.0029484272850293	0.0070077041967471
2242	5330286	49846579	-0.0425679983844904	-0.0329561194400351
2242	208908	11626560	-0.0138513346746941	-0.003250505482479
2242	3062316	11707110	0.0025962551005133	0.0227711565174389
2242	5330286	10127622	-0.0395289280212945	-0.0272965499828885
2242	208908	24964624	0.0188484032430605	0.0294912250673326
2242	25227436	16007391	0.0079003714864924	0.0342053604328641
2242	25227436	54761306	0.0044754279660374	0.0362310716416785
2242	25227436	126689157	-0.0346904027182222	-0.0185242824371777
2242	25227436	118693659	-0.0140415574382202	-0.0042068750413667
2242	25227436	5330286	-0.0018173538542885	0.007682398432615
2242	25227436	10127622	0.0886696914264099	0.124395340748327
2242	5330286	131634760	-0.0337294738724397	-0.019757116055436
2242	5330286	49846579	-0.0316396481079768	-0.0236482523996138
2242	208908	11626560	-0.0400068693489817	-0.0249243554719324
2242	3062316	11707110	-0.0079620296098362	0.0029704399985552
2242	5330286	10127622	-0.0647027257860545	-0.0541307609559466
2242	208908	24964624	-0.0163295692824586	-0.0025395102601553
2242	25227436	16007391	0.0207026622562631	0.039121374875106
2242	25227436	54761306	0.03425421010737	0.0618610827820638
2242	25227436	126689157	0.0201663033372738	0.0465220352562857
2242	25227436	118693659	-0.0240477758695431	-0.0136454386579771
2242	25227436	5330286	-0.0070501273469918	0.003813576535378
2242	25227436	10127622	0.097513036496427	0.126012836424359
2242	5330286	131634760	-0.0121343138361115	1.50433098199523e-05
2242	5330286	49846579	-0.0455386860421534	-0.0362002882305469
2242	208908	11626560	-0.0183300702159351	-0.0072132634020847
2242	3062316	11707110	-0.0205284680140541	-0.003110841198963
2242	5330286	10127622	-0.0021692143363341	0.0090894498035617
2242	208908	24964624	0.0012880391878758	0.0168891893939703
2242	118693659	24856436	-0.0866151919836178	-0.0693177540622128
2242	118693659	131634760	0.140689486162487	0.151794982669905
2242	118693659	54761306	-0.0040249119448485	0.0088810768957255
2242	118693659	16007391	0.0339291910462525	0.0513897119352731
2242	118693659	49846579	-0.0126366564870547	0.0072360614759152
2242	118693659	10127622	0.051700717346116	0.0624327701873019
2242	68289010	131634760	0.0019782786300866	0.0107847694233637
2242	68289010	49846579	-0.0043913596162302	0.0101234100844084
2242	10127622	54761306	0.0167680385633918	0.0565175871520295
2242	10127622	16007391	0.0016068452813076	0.0138930508623592
2242	123631	126689157	-0.0141090096080796	-0.0035619794083936
2242	10127622	24856436	-0.0079604296257909	0.0116496221416396
2242	10127622	126689157	-0.0597266836989543	-0.0443639917711832
2242	118693659	24856436	-0.0548256072756393	-0.0271139246564386
2242	118693659	131634760	0.077200658970167	0.0908364716738407
2242	118693659	54761306	-0.0396087841066745	-0.0257580303604785
2242	118693659	16007391	0.0113332244806682	0.0296958526943839
2242	118693659	49846579	-0.0275146606108758	-0.0123331346563822
2242	118693659	10127622	0.0621656454240208	0.0734060122551799
2242	68289010	131634760	-0.0087136789836892	-5.17428412546358e-05
2242	68289010	49846579	-0.0347306125983533	-0.0183636530283037
2242	10127622	54761306	0.0043483077522682	0.0419409490969809
2242	10127622	16007391	-0.0052421289591475	0.008571841428554
2242	123631	126689157	-0.0505559084116325	-0.037820960057351
2242	10127622	24856436	-0.0303073401264387	0.021298978906565
2242	10127622	126689157	-0.0287043682394457	-0.0136485950103105
2242	118693659	24856436	-0.0971328114477394	-0.0818310923633143
2242	118693659	131634760	0.102098544626014	0.120063377081807
2242	118693659	54761306	-0.0516835701071939	-0.038175167078031
2242	118693659	16007391	0.0056429584028527	0.0259323677984972
2242	118693659	49846579	-0.0407433827812696	-0.0199549850579468
2242	118693659	10127622	0.0617167845038426	0.0728810575426818
2242	68289010	131634760	-0.0275518504322248	-0.0164335534335225
2242	68289010	49846579	-0.0307057631461537	-0.0117740036715506
2242	10127622	54761306	0.0377243965584391	0.0676623876866583
2242	10127622	16007391	-0.017505201565453	0.0061369496438497
2242	123631	126689157	-0.0261728276196351	-0.0145889059061531
2242	10127622	24856436	-0.0237185850614003	0.0218630355497272
2242	10127622	126689157	-0.0202570406483838	-0.0080150384354377
2242	25227436	16007391	0.0505982961415565	0.0752013817069752
2242	25227436	54761306	-0.0214102928920005	0.0304560501301635
2242	25227436	126689157	-0.0523609047258035	-0.0287864821293736
2242	25227436	118693659	0.0804113006729777	0.097009481455031
2242	25227436	5330286	0.0095062422678758	0.0324857194260523
2242	25227436	10127622	0.116700579342942	0.160626779511668
2242	5330286	131634760	0.0110732349550596	0.0218315003229047
2242	5330286	49846579	-0.0336897092128805	-0.0257147587034415
2242	208908	11626560	-0.0138906759659103	-0.0014402439766707
2242	3062316	11707110	-0.0196410796607719	-0.0097508135612793
2242	5330286	10127622	0.0175532029548839	0.0277478258875971
2242	208908	24964624	-0.0216676087504314	-0.0101801422802465
2242	25227436	16007391	0.0273106199620578	0.0550864549459135
2242	25227436	54761306	-0.0733474214921787	-0.020235245278223
2242	25227436	126689157	-0.0413066371226993	-0.0208577927386462
2242	25227436	118693659	0.0319058365462752	0.0592198792549447
2242	25227436	5330286	0.0054540988122731	0.0314702598761462
2242	25227436	10127622	0.0854390953641558	0.134834013397992
2242	5330286	131634760	-0.0093500367503663	0.0053234199567232
2242	5330286	49846579	-0.0359692550847823	-0.0275074503540317
2242	208908	11626560	-0.0076032001957368	0.0042271126124384
2242	3062316	11707110	-0.0219732938649998	-0.0117767106159788
2242	5330286	10127622	-0.0042683844940121	0.0062358288042606
2242	208908	24964624	0.0024583239762969	0.0142808393679987
2242	25227436	16007391	0.0448826208471298	0.073749938329982
2242	25227436	54761306	-0.0470783190852565	0.0077942721839078
2242	25227436	126689157	-0.0307896172768725	-0.0161452006444788
2242	25227436	118693659	0.0362924453146887	0.0577316801862022
2242	25227436	5330286	0.0326792610140293	0.0499019471263888
2242	25227436	10127622	0.119302347226289	0.155013091496514
2242	5330286	131634760	-0.0137811241392976	-0.0022406618168155
2242	5330286	49846579	-0.0362342727601446	-0.028275077721771
2242	208908	11626560	-0.0118232050386894	-0.000542412935503263
2242	3062316	11707110	-0.0293769218364183	-0.0225826899130015
2242	5330286	10127622	-0.0130857772637664	-0.00326250587766
2242	208908	24964624	-0.0157582068867497	-0.0052057699793528
2242	118693659	24856436	-0.121752687162425	-0.0831118636411667
2242	118693659	131634760	0.138340989218096	0.149155121587521
2242	118693659	54761306	0.0377233493501608	0.0520924705251186
2242	118693659	16007391	0.0314480961861798	0.0499003795293866
2242	118693659	49846579	-0.0266421110636903	-0.0087781667035627
2242	118693659	10127622	0.0877160680046546	0.0980942159123058
2242	68289010	131634760	-0.0021786817152589	0.0058412993223292
2242	68289010	49846579	-0.0185257627845239	-0.0074529376686737
2242	10127622	54761306	0.0135564979903173	0.0636934885200143
2242	10127622	16007391	0.0350670354662508	0.0515900741489867
2242	123631	126689157	-0.0257717631602283	-0.0175006427907526
2242	10127622	24856436	-0.0048168579027706	0.0467824721521263
2242	10127622	126689157	-0.000453726354261814	0.0118207582054046
2242	118693659	24856436	-0.0185688876332435	0.0212714454869324
2242	118693659	131634760	0.0940424301425455	0.118167654605193
2242	118693659	54761306	0.0080559194680474	0.0352786490887754
2242	118693659	16007391	0.0435310293846059	0.0673359498845134
2242	118693659	49846579	-0.0151928042201803	0.0012391753556437
2242	118693659	10127622	0.0684172339127898	0.0947343251586342
2242	68289010	131634760	-0.0068037298887518	0.0027817248897293
2242	68289010	49846579	-0.0510141684948483	-0.037290560875835
2242	10127622	54761306	0.0119707396354042	0.0767769846159493
2242	10127622	16007391	0.0243880925545843	0.0492890384554198
2242	123631	126689157	-0.0363288087784292	-0.0282905057223961
2242	10127622	24856436	0.0123518893550423	0.0520063793305521
2242	10127622	126689157	-0.0264727679816026	-0.0145244004675001
2242	118693659	24856436	-0.0278318760877565	0.0100508940374215
2242	118693659	131634760	0.0913570476075975	0.107255482709038
2242	118693659	54761306	-0.0025357842022764	0.0189581017615258
2242	118693659	16007391	0.0079662941547962	0.0397071424654625
2242	118693659	49846579	-0.0457913267967992	-0.029842138842303
2242	118693659	10127622	0.0274408825366527	0.0669701226715963
2242	68289010	131634760	-0.0062953767674267	0.0029511558367112
2242	68289010	49846579	-0.0352109768215857	-0.0244377184435605
2242	10127622	54761306	0.0251588213463061	0.088214043800423
2242	10127622	16007391	0.0187442681476792	0.0388804683005044
2242	123631	126689157	-0.0390109238218396	-0.0307972309972098
2242	10127622	24856436	0.0111090419407659	0.0595977151727647
2242	10127622	126689157	-0.0063428409779019	0.0051164466049181
2242	54761306	60749	-0.0322625645712642	0.0534049371253912
2242	24856436	60749	-0.0897628615430142	-0.0193115441974115
2242	72165232	60749	-0.0700570229157432	0.0124647829480204
2242	52913813	25227436	-0.0131239046843337	0.0377165979769321
2242	52913813	5330286	0.103336305716479	0.124806880131251
2242	131634760	60749	0.0172492213055149	0.0662414381146761
2242	86661883	36314	0.125838834539788	0.195037872473605
2242	131634760	36314	0.0240789157697982	0.0443255363646787
2242	23725625	86661883	-0.10000803355447	-0.0728889402607905
2242	23725625	118693659	-0.105632848954486	-0.0777883949807124
2242	23725625	131634760	-0.0803708296210638	-0.0620381392738654
2242	23725625	49846579	-0.0594782138829033	-0.0348058797931193
2242	54761306	60749	-0.0230004957202693	0.0614745989609805
2242	24856436	60749	-0.058355619772334	0.034965723638259
2242	72165232	60749	-0.0884632359079523	-0.0031507569277891
2242	52913813	25227436	0.0557424340566052	0.0959521961593305
2242	52913813	5330286	0.0487253864372694	0.0703782887029598
2242	131634760	60749	-0.0152068836513955	0.0354544670730231
2242	86661883	36314	0.105812107133371	0.174440408985107
2242	131634760	36314	0.0354598275930363	0.0552900171522754
2242	23725625	86661883	-0.0516241174274569	-0.0254910158285799
2242	23725625	118693659	-0.040202394255814	-0.0142993515699717
2242	23725625	131634760	-0.0411277938889993	-0.0267823221278977
2242	23725625	49846579	-0.0497762173060996	-0.0263289559365707
2242	54761306	10339178	-0.0133027303249567	0.032429297828657
2242	131634760	208908	-0.0043695897436693	0.0156789539695556
2242	135151360	36462	0.0606890233042377	0.0828996220589966
2242	86661883	208908	-0.0431786753903354	-0.0103419868143279
2242	24856436	104842	-0.0145209248755388	0.0769099892286446
2242	72165232	3385	-0.0051318492676722	0.0121747070154343
2242	72165232	24856436	0.0893750638759828	0.135277537292374
2242	51001932	24866313	0.0566757838288236	0.11693765680383
2242	208908	10127622	-0.0908154520959957	-0.0449694366441211
2242	11626560	10127622	0.0649633943544132	0.08968623986911
2242	86661883	60749	-0.017794590940625	0.0138231608939015
2242	72165232	104842	-0.0761831987342111	-0.0013629541912436
2242	11626560	3062316	-0.0682375997796915	-0.0336459740375389
2242	49846579	208908	-0.0443372071549368	-0.0241493613556893
2242	54761306	10339178	0.0412072830737421	0.066232009525387
2242	131634760	208908	0.0346468187161727	0.0564177007761664
2242	135151360	36462	0.0620432620113711	0.0891343156554882
2242	86661883	208908	0.0192432859772	0.0408437960299736
2242	24856436	104842	-0.0293321152481659	0.0551954981932661
2242	72165232	3385	-0.0342655788197525	-0.0199329124785446
2242	72165232	24856436	0.129303304088951	0.160199204639636
2242	51001932	24866313	0.0706323203018978	0.146744718176863
2242	208908	10127622	-0.0489242883762932	-0.0111237515282663
2242	11626560	10127622	0.0544967158342177	0.0944651447992564
2242	86661883	60749	-0.0299061180312665	0.0052341640604786
2242	72165232	104842	-0.0905518610472386	-0.01888602388628
2242	11626560	3062316	-0.016991396804051	0.0010086202683942
2242	49846579	208908	-0.0492953214103459	-0.0238777815382646
2242	54761306	60749	0.004695822797021	0.0771745515882659
2242	24856436	60749	-0.045671577312508	0.01463024954029
2242	72165232	60749	-0.109825450305198	-0.0297979146270086
2242	52913813	25227436	-0.0447666301307303	-0.0212279999557731
2242	52913813	5330286	-0.0337881318831489	-0.0155972339245993
2242	131634760	60749	0.0260483087860709	0.0531757154999283
2242	86661883	36314	0.0835045402620948	0.157373570518074
2242	131634760	36314	0.018492069777844	0.0396484231416772
2242	23725625	86661883	-0.0303967472923831	-0.0099447813551353
2242	23725625	118693659	-0.0888193523577796	-0.0564110910957272
2242	23725625	131634760	-0.0427847075776176	-0.028442333204891
2242	23725625	49846579	-0.0094758037305263	0.0060562631678418
2242	54761306	60749	0.0193136569323524	0.0907428733675337
2242	24856436	60749	-0.0401505895556916	0.0207238426845686
2242	72165232	60749	-0.0955130622476578	-0.0120923224193972
2242	52913813	25227436	0.0110465691330163	0.0316330588180562
2242	52913813	5330286	-0.0200791345633036	-0.000445422184085464
2242	131634760	60749	-0.0319554134124539	-0.00049033516078983
2242	86661883	36314	0.0978987397364868	0.163639139018129
2242	131634760	36314	-0.0151386153537827	0.0056483413228407
2242	23725625	86661883	0.000575433452003171	0.0196046305126754
2242	23725625	118693659	-0.0560148490616045	-0.0261950548689941
2242	23725625	131634760	-0.0637305048024824	-0.045879423041968
2242	23725625	49846579	-0.0131738822937073	0.0031478757505229
2242	54761306	60749	-0.0135869358582056	0.0600349455311675
2242	24856436	60749	-0.0460881743477374	0.0210850749068472
2242	72165232	60749	-0.0962970189714191	-0.0152395738975482
2242	52913813	25227436	-0.0439118901617324	-0.0212618818923927
2242	52913813	5330286	-0.0102144718260713	0.0167048819000302
2242	131634760	60749	-0.0861787216644289	-0.051120660297904
2242	86661883	36314	0.0712970330903545	0.147295325294074
2242	131634760	36314	0.0675808709346161	0.0889516801128108
2242	23725625	86661883	-0.0582664091992489	-0.0389760745797354
2242	23725625	118693659	-0.0269595488642747	-0.0083389454429651
2242	23725625	131634760	-0.0629034855724848	-0.0463711844495508
2242	23725625	49846579	-0.0735412383719966	-0.051838898404198
2242	54761306	10339178	-0.0508745351979807	-0.0291744754021123
2242	131634760	208908	0.0255940128244588	0.0444990598240118
2242	135151360	36462	-0.0312705073895884	-0.008683548569818
2242	86661883	208908	-0.0379499072293044	-0.0149608415149049
2242	24856436	104842	-0.0374560930626551	0.0401305418435411
2242	72165232	3385	-0.0492148440772225	-0.0348403547969483
2242	72165232	24856436	-0.0051997313620434	0.0215890535931154
2242	51001932	24866313	0.0697520943203748	0.0999803776539799
2242	208908	10127622	-0.0331165913208801	0.0018757143204668
2242	11626560	10127622	0.0352020434853034	0.0630154779376374
2242	86661883	60749	0.0514283638779246	0.0982077114594432
2242	72165232	104842	-0.0357568299864869	0.0306828167107653
2242	11626560	3062316	-0.0480468773749012	-0.0334517257581124
2242	49846579	208908	-0.0366231414569013	-0.0156781666372388
2242	54761306	10339178	-0.065546310046227	-0.0367155873088746
2242	131634760	208908	-0.0013901306139519	0.0199056994639965
2242	135151360	36462	0.0062184025278184	0.0272266080452014
2242	86661883	208908	-0.0546492304717688	-0.0201252031280903
2242	24856436	104842	-0.0686818113583131	0.0158577544133804
2242	72165232	3385	-0.049249288878035	-0.0348816882453952
2242	72165232	24856436	-0.0236691376209563	0.0033712808307037
2242	51001932	24866313	0.107021080477601	0.146592850803284
2242	208908	10127622	-0.0137395534299603	0.0266635479096977
2242	11626560	10127622	0.033032551296607	0.0503990917374147
2242	86661883	60749	0.0742990057887991	0.0984075012851319
2242	72165232	104842	-0.067889311900287	0.000554595556631304
2242	11626560	3062316	-0.04612043799034	-0.0319009625401962
2242	49846579	208908	-0.0129019499512897	0.0049532161978373
2242	54761306	10339178	-0.0059069328582845	0.0190650829052664
2242	131634760	208908	-0.0228340039319749	0.000892670952231152
2242	135151360	36462	-0.003723780776983	0.0163616507584033
2242	86661883	208908	-0.0269134860070428	-0.0059136099772277
2242	24856436	104842	-0.0621423383505911	0.0288737345726183
2242	72165232	3385	-0.0527549234145892	-0.0386291962335867
2242	72165232	24856436	-0.0168301641994415	0.0095288507272276
2242	51001932	24866313	0.0668360731856161	0.111641573993733
2242	208908	10127622	-0.050576288661096	-0.0138400854674385
2242	11626560	10127622	0.0478823737340192	0.0702717526072002
2242	86661883	60749	0.0921827922990102	0.12058843508649
2242	72165232	104842	-0.0773004919859211	-0.0070510661227095
2242	11626560	3062316	-0.0513390162160458	-0.0355152012014165
2242	49846579	208908	-0.0110821055453086	0.0055094350166099
2242	54761306	60749	-0.0300980553715437	0.0612021785316759
2242	24856436	60749	-0.065088926838536	0.0242050835886902
2242	72165232	60749	-0.117040768434855	-0.0329894195331243
2242	52913813	25227436	-0.0161637628532939	0.0130558679143741
2242	52913813	5330286	0.0543761946418204	0.0802776331104859
2242	131634760	60749	0.0044003801753427	0.026086133236973
2242	86661883	36314	0.150964929146029	0.198628567894376
2242	131634760	36314	-0.0282862292950478	-0.0128614821820841
2242	23725625	86661883	-0.0541332907408153	-0.0334038032700302
2242	23725625	118693659	-0.0833930685837093	-0.0632688430665798
2242	23725625	131634760	-0.0587614975891297	-0.0443222345567836
2242	23725625	49846579	-0.0510499950473706	-0.0360453141993988
2242	54761306	60749	-0.0396381968704791	0.0512697545482561
2242	24856436	60749	-0.0885369000042219	0.0026836485002682
2242	72165232	60749	-0.100992443409833	-0.0188882057883589
2242	52913813	25227436	-0.0308236094258969	0.0052434643900192
2242	52913813	5330286	0.056369184084215	0.0800336657176613
2242	131634760	60749	-0.0246162703340556	-0.0045327387712632
2242	86661883	36314	0.169879821317586	0.226208759320217
2242	131634760	36314	-0.0315668322964846	-0.0157970065753368
2242	23725625	86661883	-0.0317790492688192	-0.0139962380810051
2242	23725625	118693659	-0.0630733222440072	-0.0441827980868094
2242	23725625	131634760	-0.0530527445422208	-0.0389191558210442
2242	23725625	49846579	-0.053214854623769	-0.039062857981487
2242	54761306	60749	-0.026345350912195	0.0643195073052586
2242	24856436	60749	-0.0555243587706989	0.0394484101496343
2242	72165232	60749	-0.109541412196055	-0.0242162344074349
2242	52913813	25227436	-0.0473345871905994	-0.010980944431309
2242	52913813	5330286	0.0312204602487672	0.0621344282625107
2242	131634760	60749	-0.0081946187638621	0.0111288148168904
2242	86661883	36314	0.107431742376806	0.168929581910194
2242	131634760	36314	-0.0172825391478042	-0.0017262772446337
2242	23725625	86661883	-0.0671560761964945	-0.0464053395073216
2242	23725625	118693659	-0.0532384069305121	-0.0353179284719103
2242	23725625	131634760	-0.0581483680125981	-0.0434900992059828
2242	23725625	49846579	-0.0536294914212602	-0.0394802712990387
2242	54761306	10339178	-0.0272464213676894	-0.004625034409237
2242	131634760	208908	-0.0162617507605957	0.0046601287433121
2242	135151360	36462	0.0401800189589399	0.0635426029568617
2242	86661883	208908	-0.0089101784765541	0.0175115118985275
2242	24856436	104842	-0.0443459340685569	0.0447626883038367
2242	72165232	3385	-0.0164222456436071	0.0088916371686007
2242	72165232	24856436	0.0396547553925498	0.100031798918357
2242	51001932	24866313	0.0930177153639114	0.145567182079686
2242	208908	10127622	-0.0417824731943929	-0.0245017751063697
2242	11626560	10127622	0.0279056394913972	0.0468064254866534
2242	86661883	60749	-3.25156864041905e-05	0.0493451594514959
2242	72165232	104842	-0.0914600785582818	-0.0252278661815164
2242	11626560	3062316	-0.0123629165180087	0.0048813521968018
2242	49846579	208908	-0.0562561698839365	-0.0412985816416718
2242	54761306	10339178	-0.0090339337100111	0.0128985894895567
2242	131634760	208908	0.0080941849419118	0.0260584296784314
2242	135151360	36462	0.0648984152294192	0.0877609142455239
2242	86661883	208908	-0.0153755163185637	0.0124556545100632
2242	24856436	104842	-0.0302121466451547	0.0639139933139694
2242	72165232	3385	0.0186405619125702	0.0401537180816344
2242	72165232	24856436	0.0630839083917468	0.125599221335081
2242	51001932	24866313	0.0756682636562308	0.12574995647693
2242	208908	10127622	-0.0178151012738957	-0.000314158548647255
2242	11626560	10127622	0.0411096250429253	0.0623015540207234
2242	86661883	60749	0.0026854549739212	0.037714759559744
2242	72165232	104842	-0.0349723126971609	0.0259921385918407
2242	11626560	3062316	-0.0164943852031309	0.0017584043116955
2242	49846579	208908	-0.0551021020031766	-0.0403999333370803
