MASTER_CELL_ID	Drug1_pub	Drug2_pub	Bliss_matrix	HSA_matrix
2049	54761306	23725625	-0.016263144	0.000983692
2049	24856436	23725625	-0.007554179	0.027096478
2049	24856436	54761306	-0.099505676	-0.018014316
2049	16007391	23725625	-0.056882546	-0.024860812
2049	16007391	54761306	-0.103262187	-0.054411068
2049	16007391	24856436	-0.032466742	-0.014262693
2049	118502708	24856436	-0.043260002	-0.024853199
2049	135151360	23725625	-0.039038279	-0.028446307
2049	118502708	54761306	0.016439421	0.033090527
2049	118502708	16007391	-0.009348179	0.001121699
2049	135151360	24856436	-0.044604956	0.002013362
2049	135151360	118502708	-0.025910778	-0.010839115
2049	135151360	54761306	-0.048626436	-0.022380772
2049	135151360	16007391	-0.012620066	-0.000147518
2049	46700756	23725625	-0.0406566	-0.018129881
2049	46700756	54761306	-0.083610735	-0.019381894
2049	46700756	24856436	0.005855517	0.076891226
2049	46700756	118502708	0.012723436	0.023070563
2049	46700756	135151360	-0.015699302	-0.005794759
2049	46700756	104842	-0.116125195	-0.03598857
2049	104842	23725625	0.005033531	0.021507157
2049	31703	135151360	0.017795198	0.038856209
2049	90132565	23725625	-0.028493369	-0.017968564
2049	104842	118502708	-0.076700758	-0.059566505
2049	3082962	23725625	-0.015605645	-0.002401426
2049	131634760	24856436	0.062795095	0.10552312
2049	131634760	118502708	0.006841927	0.022193831
2049	131634760	54761306	0.004700643	0.022082463
2049	131634760	16007391	0.011483646	0.046403742
2049	131634760	135151360	0.00193492	0.019247108
2049	131634760	25227436	-0.01794916	-0.005778438
2049	131634760	52913813	0.012709128	0.036183995
2049	131634760	10127622	-0.019109215	0.012288973
2049	131634760	49846579	-0.021782482	0.008525632
2049	86661883	54761306	-0.026644852	0.007588722
2049	86661883	24856436	-0.007760841	0.010363579
2049	86661883	118502708	-0.067966509	-0.049412208
2049	86661883	25227436	-0.04310407	-0.032099542
2049	86661883	16007391	0.020062773	0.033204645
2049	86661883	135151360	-0.035129441	-0.021711351
2049	86661883	10127622	0.071581011	0.098492924
2049	86661883	52913813	-0.046943811	-0.019751494
2049	49846579	54761306	-0.024248837	0.001841634
2049	49846579	24856436	-0.052957561	-0.03473418
2049	49846579	16007391	-0.060789177	-0.044706387
2049	49846579	118502708	-0.032777175	-0.022734367
2049	49846579	135151360	-0.036337381	-0.025272599
2049	49846579	25227436	-0.035729228	-0.024038454
2049	49846579	52913813	0.000124194	0.012477608
2049	11707110	51001932	-0.033116512	-0.006823674
2049	49846579	24771867	0.019417651	0.033109648
2049	49846579	10127622	-0.020341252	0.003105086
2049	46700756	104842	-0.105895312	-0.036488876
2049	25227436	16007391	-0.199875395790302	-0.157900926416404
2049	25227436	54761306	-0.127861513794436	-0.0888318710087908
2049	25227436	126689157	-0.116228615388197	-0.0769094284578245
2049	25227436	118693659	-0.121607059609091	-0.0904812488329417
2049	25227436	5330286	-0.20120542950146	-0.153894381554818
2049	25227436	10127622	-0.0911965235873113	-0.0686689305196381
2049	5330286	131634760	-0.106629417706373	-0.0755803130128522
2049	5330286	49846579	-0.0675656905838301	-0.0472642486527968
2049	208908	11626560	-0.0659930529134146	-0.0403271129327406
2049	3062316	11707110	-0.1373573766427	-0.124920690352982
2049	5330286	10127622	0.0157452790331104	0.04991094647549
2049	208908	24964624	-0.0310036941238919	-0.0108169513341547
2049	118693659	24856436	-0.0428115293868681	0.0300561692712973
2049	118693659	131634760	0.0043392075380077	0.0452072362576034
2049	118693659	54761306	0.025174881840228	0.102500682021757
2049	118693659	16007391	-0.0387737499681336	0.0204935504636336
2049	118693659	49846579	-0.0914217445031709	-0.0618864816845003
2049	118693659	10127622	-0.0089798192183876	0.0686935266737098
2049	68289010	131634760	-0.0390550318082961	-0.0195713168269003
2049	68289010	49846579	-0.060309102450753	-0.0401037955435755
2049	10127622	54761306	-0.0367882025548091	0.0641156114665731
2049	10127622	16007391	-0.0594905067117131	-0.0150176915330229
2049	123631	126689157	-0.0810267772257724	-0.0579117617142173
2049	10127622	24856436	0.002218387100931	0.0700511188509513
2049	10127622	126689157	-0.0383296356136408	-0.0133835105591373
2049	118693659	24856436	-0.0412342368159178	0.0329872547580199
2049	118693659	131634760	-0.0246060911823859	0.021295934868452
2049	118693659	54761306	-0.0245373891467834	0.0604793405287376
2049	118693659	16007391	0.0025649645538234	0.0403861474180381
2049	118693659	49846579	-0.0722505138994421	-0.0387259871724685
2049	118693659	10127622	0.0010551461571319	0.0855547093582174
2049	68289010	131634760	-0.0405136191730899	-0.0200583207108677
2049	68289010	49846579	-0.0748899431949129	-0.0526833001697581
2049	10127622	54761306	-0.0683528032138476	0.0394417541480551
2049	10127622	16007391	-0.0166977993541036	0.0421818083662331
2049	123631	126689157	-0.099220836638937	-0.0700650067640238
2049	10127622	24856436	-0.0593094369658824	0.0239065643061027
2049	10127622	126689157	-0.0448276001710845	-0.0263981130925972
2049	54761306	60749	-0.0611281395958148	0.0309268277415808
2049	24856436	60749	-0.0670297053839426	0.0201105590392418
2049	72165232	60749	-0.0808015562865079	0.0281543810670296
2049	52913813	25227436	-0.12044751205351	-0.077487346746744
2049	52913813	5330286	-0.073518472281031	-0.0399440704945519
2049	131634760	60749	-0.0702837561532028	-0.0443603258001119
2049	86661883	36314	-0.001168589006185	0.0362747705624243
2049	131634760	36314	0.0313816124378946	0.0539336191330669
2049	23725625	86661883	-0.0667434849364181	-0.0506148826676181
2049	23725625	118693659	-0.0653822481218183	-0.0413973344029756
2049	23725625	131634760	-0.0554899853515909	-0.040158566170678
2049	23725625	49846579	-0.0642789619869601	-0.0483818422224715
2049	54761306	10339178	-0.0943853770701498	-0.0467487895748176
2049	131634760	208908	-0.148662189445924	-0.114293836261191
2049	135151360	36462	-0.0744846095731872	-0.0491403378071553
2049	86661883	208908	-0.105671988853605	-0.0816426955928211
2049	24856436	104842	-0.170843024850243	-0.0787558886471117
2049	72165232	3385	-0.148143403008848	-0.0689002755706302
2049	72165232	24856436	-0.106747417818176	0.0089501383895655
2049	51001932	24866313	-0.0148005323502107	0.0382712898571651
2049	208908	10127622	-0.116045570238879	-0.0848896736722146
2049	11626560	10127622	-0.0369152608277725	0.0042960445432096
2049	86661883	60749	-0.0225626125313966	-0.0037581107023318
2049	72165232	104842	-0.129820567463157	-0.0243160660596759
2049	11626560	3062316	-0.060360868251809	-0.0410681215526764
2049	49846579	208908	-0.0633680228618192	-0.0477632226661536
