MASTER_CELL_ID	Drug1_pub	Drug2_pub	Bliss_matrix	HSA_matrix
2084	54761306	23725625	-0.029642641	-0.005245657
2084	24856436	23725625	-0.027896968	-0.008502856
2084	24856436	54761306	-0.032653133	0.011117848
2084	16007391	23725625	-0.030164605	-0.016293969
2084	16007391	54761306	-0.039544567	-0.013252475
2084	16007391	24856436	-0.03385308	0.000169093
2084	118502708	24856436	-0.018233961	0.008053921
2084	135151360	23725625	-0.018141156	-0.00217862
2084	118502708	54761306	-0.001826893	0.013125268
2084	118502708	16007391	-0.013345598	-0.001618411
2084	135151360	24856436	-0.071377472	-0.008753976
2084	135151360	118502708	-0.016913879	0.009381404
2084	135151360	54761306	0.013437021	0.048614468
2084	135151360	16007391	-0.036829998	0.003232098
2084	46700756	23725625	-0.024223309	0.006703391
2084	46700756	54761306	0.035935604	0.075057418
2084	46700756	24856436	0.077906308	0.130059069
2084	46700756	118502708	-0.014290873	0.011276787
2084	46700756	135151360	0.020319459	0.046608696
2084	46700756	104842	-0.077203919	-0.006172126
2084	104842	23725625	0.017523021	0.037346715
2084	31703	135151360	0.062009537	0.084401152
2084	90132565	23725625	-0.052420756	-0.0397915
2084	104842	118502708	-0.010788432	0.007089049
2084	3082962	23725625	0.000719909	0.017676313
2084	131634760	24856436	0.000132792	0.04242842
2084	131634760	118502708	-0.033014746	-0.007463058
2084	131634760	54761306	-0.049580101	-0.02184773
2084	131634760	16007391	0.016646412	0.037048093
2084	131634760	135151360	-0.067023589	-0.032418469
2084	131634760	25227436	-0.030656736	-0.014633606
2084	131634760	52913813	-0.040108996	-0.020120577
2084	131634760	10127622	0.006646372	0.033906027
2084	131634760	49846579	-0.025686652	-0.012497035
2084	86661883	54761306	-0.047594907	-0.020807504
2084	86661883	24856436	0.049580614	0.071696317
2084	86661883	118502708	-0.026703621	-0.013475215
2084	86661883	25227436	-0.043097406	-0.025004479
2084	86661883	16007391	-0.035655492	-0.018399757
2084	86661883	135151360	-0.071779749	-0.051647092
2084	86661883	10127622	0.001503082	0.05945289
2084	86661883	52913813	-0.03969498	-0.000974624
2084	49846579	54761306	-0.085347294	-0.044069749
2084	49846579	24856436	-0.054182107	-0.027215016
2084	49846579	16007391	0.020835227	0.039858536
2084	49846579	118502708	0.013386223	0.034065524
2084	49846579	135151360	-0.040739928	-0.020189459
2084	49846579	25227436	-0.044433512	-0.021795606
2084	49846579	52913813	0.009250085	0.022834821
2084	11707110	51001932	0.04052166	0.111305742
2084	49846579	24771867	-0.041369945	-0.015434435
2084	49846579	10127622	-0.031667974	-0.014205108
2084	46700756	104842	0.016389928	0.068102726
2084	25227436	16007391	-0.0456873529633183	0.0020677587300335
2084	25227436	54761306	-0.0716730308201155	-0.012690363855847
2084	25227436	126689157	-0.0435261307662379	-0.0087377376780245
2084	25227436	118693659	0.0140431000870255	0.0429364849316832
2084	25227436	5330286	-0.0137870896496923	0.0261497263032677
2084	25227436	10127622	-0.0049845349891104	0.0531079017486059
2084	5330286	131634760	-0.0184765063249594	0.0139020481939149
2084	5330286	49846579	-0.0895156488253111	-0.0672068351308747
2084	208908	11626560	-0.109866914414465	-0.0342248818203769
2084	3062316	11707110	-0.13633814770941	-0.122613424836916
2084	5330286	10127622	-0.0202819689234216	0.0354837052855425
2084	208908	24964624	-0.0336807307958319	0.0199162917705873
2084	118693659	24856436	-0.0783342500603895	0.0260399511140576
2084	118693659	131634760	-0.0091607728513627	0.0308729086062827
2084	118693659	54761306	0.0169227610242381	0.0705595798605405
2084	118693659	16007391	-0.0480504141980664	0.0144665552649707
2084	118693659	49846579	-0.0695304504470886	-0.0282708143802475
2084	118693659	10127622	0.0274951866840599	0.115330687645267
2084	68289010	131634760	-0.0403708271958588	-0.022593195241868
2084	68289010	49846579	-0.0621037842215657	-0.0435938962095915
2084	10127622	54761306	-0.0384344789286333	0.0144367054520645
2084	10127622	16007391	-0.0477384041766502	0.0028901970117267
2084	123631	126689157	-0.0441836019375762	-0.0225172399095739
2084	10127622	24856436	-0.0493987413540229	0.0465223566505581
2084	10127622	126689157	-0.0262243007703004	-0.0041391127472489
2084	54761306	60749	-0.0111917058626625	0.0736947931245426
2084	24856436	60749	-0.035513744455284	0.067744886730684
2084	72165232	60749	-0.0121631502624003	0.0480589892736743
2084	52913813	25227436	-0.0514585783225408	-0.0217419366181636
2084	52913813	5330286	0.0265495853231187	0.0650957597030905
2084	131634760	60749	0.0012812912128727	0.0428133524329933
2084	86661883	36314	0.100994443158776	0.135050266051373
2084	131634760	36314	0.0546970723701668	0.0755756206897959
2084	23725625	86661883	-0.0537399125849902	-0.0377755185512008
2084	23725625	118693659	-0.0459806155757869	-0.0225124993837413
2084	23725625	131634760	-0.0561034911198156	-0.0406766556248167
2084	23725625	49846579	-0.0468453786329247	-0.0312053224549247
2084	54761306	10339178	-0.006747995664875	0.0220577054553426
2084	131634760	208908	-0.0587048099489385	-0.0070959901124418
2084	135151360	36462	0.0863595993786661	0.131333762523977
2084	86661883	208908	-0.0662538711634634	-0.0101613932198081
2084	24856436	104842	-0.121871261381758	-0.014928399737077
2084	72165232	3385	-0.054192982547313	-0.0288425097214635
2084	72165232	24856436	0.0014750026814181	0.0391478344790765
2084	51001932	24866313	0.0285215866138281	0.123269593691967
2084	208908	10127622	-0.140860549235185	-0.0750929999267366
2084	11626560	10127622	-0.027313347694635	0.0558863217552535
2084	86661883	60749	-0.0109153883340518	0.014682162576075
2084	72165232	104842	-0.0522917099167723	-0.0295120178876658
2084	11626560	3062316	-0.103744808777726	-0.0800165582427648
2084	49846579	208908	-0.0449637419866525	-0.0224326494753021
