data_cell_id	data_cell_id.1	data_cell_id.2	ri_row	ri_col	synergy_loewe
85	3385	11960529	22.529	5.58	-1.775754291
85	3385	24856436	22.529	15.884	-1.750178906
85	3385	11977753	22.529	51.049	3.287390453
85	3385	387447	22.529	23.52	-2.79530239
85	3385	3062316	22.529	7.929	0.337384882
85	3385	46926350	22.529	39.938	-2.629668889
85	3385	176870	22.529	6.673	0.132107599
85	3385	5288382	22.529	40.519	-0.67610869
85	3385	216453	22.529	49.542	1.605809735
85	3385	208908	22.529	8.287	-3.018683841
85	3385	24964624	22.529	41.827	6.236161642
85	3385	24958200	22.529	20.889	-2.37707174
85	3385	24748204	22.529	23.163	0.606447464
85	3385	11520894	22.529	14.248	2.529914943
85	3385	16224745	22.529	25.926	-0.369910968
85	3385	9826528	22.529	1.929	-2.689119209
85	3385	216239	22.529	60.353	-4.629894405
85	3385	5329102	22.529	43.742	3.979357613
85	3385	5394	22.529	-8.007	-47.23977843
85	3385	5311	22.529	24.286	-2.451221266
85	11960529	11977753	5.58	51.049	-3.508270329
85	11960529	46926350	5.58	39.938	5.432759383
85	11960529	5288382	5.58	40.519	-1.791287605
85	11960529	11520894	5.58	14.248	2.15108531
85	11960529	16224745	5.58	25.926	-2.618305608
85	11960529	71301229	5.58	6.958	2.819394896
85	11960529	104842	5.58	12.628	0.406862758
85	11960529	216239	5.58	60.353	0.495519337
85	11960529	60700	5.58	26.44	-0.280175646
85	24856436	11960529	15.884	5.58	-4.655531856
85	24856436	11977753	15.884	51.049	5.660783202
85	24856436	387447	15.884	23.52	-3.285960777
85	24856436	3062316	15.884	7.929	11.831617
85	24856436	46926350	15.884	39.938	-2.581544455
85	24856436	176870	15.884	6.673	5.34077424
85	24856436	5288382	15.884	40.519	1.150579595
85	24856436	208908	15.884	8.287	6.05239208
85	24856436	24964624	15.884	41.827	10.53785847
85	24856436	24958200	15.884	20.889	0.851593203
85	24856436	24748204	15.884	23.163	3.053306575
85	24856436	11520894	15.884	14.248	11.86012933
85	24856436	16224745	15.884	25.926	9.169958746
85	24856436	71301229	15.884	6.958	-3.952360234
85	24856436	9826528	15.884	1.929	1.404566538
85	24856436	104842	15.884	12.628	3.168753605
85	24856436	216239	15.884	60.353	2.736070028
85	24856436	60700	15.884	26.44	4.048549217
85	11977753	46926350	51.049	39.938	1.435175589
85	11977753	16224745	51.049	25.926	-8.503033038
85	11977753	71301229	51.049	6.958	3.313282766
85	11977753	104842	51.049	12.628	7.098105631
85	11977753	216239	51.049	60.353	2.68678628
85	387447	11960529	23.512	5.58	0.349487037
85	387447	11977753	23.512	51.049	2.135422686
85	387447	3062316	23.512	7.929	0.017317087
85	387447	46926350	23.512	39.938	-1.099205951
85	387447	5288382	23.512	40.519	-5.771085026
85	387447	11520894	23.512	14.248	6.134522769
85	387447	16224745	23.512	25.926	-3.404231115
85	387447	71301229	23.512	6.958	-3.224377706
85	387447	104842	23.512	12.628	-1.80881089
85	387447	216239	23.512	60.353	-0.49764521
85	387447	60700	23.512	26.44	-3.023262625
85	426756	11960529	-2.42	5.58	5.238424074
85	426756	24856436	-2.42	15.884	-4.286464359
85	426756	11977753	-2.42	51.049	-21.27760502
85	426756	387447	-2.42	23.52	-14.97036642
85	426756	3062316	-2.42	7.929	0.32468778
85	426756	46926350	-2.42	39.938	-24.58219936
85	426756	176870	-2.42	6.673	-10.99669267
85	426756	5288382	-2.42	40.519	-7.551289876
85	426756	216453	-2.42	49.542	-10.1180825
85	426756	208908	-2.42	8.287	-12.07117596
85	426756	24964624	-2.42	41.827	-6.114938334
85	426756	24958200	-2.42	20.889	0.578365326
85	426756	24748204	-2.42	23.163	-2.21369403
85	426756	11520894	-2.42	14.248	1.017314825
85	426756	16224745	-2.42	25.926	2.357490871
85	426756	9826528	-2.42	1.929	5.011504461
85	426756	216239	-2.42	60.353	-21.68815786
85	426756	5329102	-2.42	43.742	-21.55518915
85	426756	5394	-2.42	-8.007	-2.598441415
85	426756	5311	-2.42	24.286	-7.325572602
85	2907	11960529	-11.21	5.58	-9.868445249
85	2907	24856436	-11.21	15.884	-26.92549236
85	2907	11977753	-11.21	51.049	-24.86115214
85	2907	387447	-11.21	23.52	-41.19381279
85	2907	3062316	-11.21	7.929	-14.0833804
85	2907	46926350	-11.21	39.938	-42.62407857
85	2907	176870	-11.21	6.673	-23.05654723
85	2907	5288382	-11.21	40.519	-16.74652947
85	2907	216453	-11.21	49.542	-11.88039956
85	2907	208908	-11.21	8.287	-32.95931982
85	2907	24964624	-11.21	41.827	-2.911444794
85	2907	24958200	-11.21	20.889	-7.270364385
85	2907	24748204	-11.21	23.163	-7.52690407
85	2907	11520894	-11.21	14.248	-24.97420117
85	2907	16224745	-11.21	25.926	-17.37073501
85	2907	9826528	-11.21	1.929	6.029870481
85	2907	216239	-11.21	60.353	-12.88656195
85	2907	5329102	-11.21	43.742	-11.25640839
85	2907	5394	-11.21	-8.007	-5.69632563
85	2907	5311	-11.21	24.286	-18.45874741
85	3062316	11960529	7.929	5.58	2.825908804
85	3062316	11977753	7.929	51.049	-1.754792636
85	3062316	46926350	7.929	39.938	3.755482788
85	3062316	5288382	7.929	40.519	-2.102622891
85	3062316	11520894	7.929	14.248	7.224163763
85	3062316	16224745	7.929	25.926	10.21575582
85	3062316	71301229	7.929	6.958	0.294789443
85	3062316	104842	7.929	12.628	6.966850427
85	3062316	216239	7.929	60.353	-0.145269378
85	3062316	60700	7.929	26.44	4.462748786
85	5743	11960529	19.408	5.58	5.225261798
85	5743	24856436	19.408	15.884	6.085672854
85	5743	11977753	19.408	51.049	-0.493543431
85	5743	387447	19.408	23.52	-3.194221307
85	5743	3062316	19.408	7.929	15.90105076
85	5743	46926350	19.408	39.938	-1.43513428
85	5743	176870	19.408	6.673	-0.392343562
85	5743	5288382	19.408	40.519	-2.673460678
85	5743	216453	19.408	49.542	4.624241067
85	5743	208908	19.408	8.287	-5.036348862
85	5743	24964624	19.408	41.827	13.49605754
85	5743	24958200	19.408	20.889	6.579657447
85	5743	24748204	19.408	23.163	13.12553757
85	5743	11520894	19.408	14.248	9.253307062
85	5743	16224745	19.408	25.926	11.48629181
85	5743	9826528	19.408	1.929	-1.104547227
85	5743	216239	19.408	60.353	0.696217778
85	5743	5329102	19.408	43.742	-2.007205269
85	5743	5394	19.408	-8.007	-3.703664402
85	5743	5311	19.408	24.286	-3.296945331
85	46926350	16224745	39.986	25.926	-2.617827771
85	31703	11960529	43.376	5.58	-36.61756044
85	31703	24856436	43.376	15.884	-10.52335375
85	31703	11977753	43.376	51.049	0.566813919
85	31703	387447	43.376	23.52	-3.741676148
85	31703	3062316	43.376	7.929	-15.32022628
85	31703	46926350	43.376	39.938	-3.807490652
85	31703	176870	43.376	6.673	-2.160331829
85	31703	5288382	43.376	40.519	-11.10723493
85	31703	216453	43.376	49.542	-8.485356773
85	31703	208908	43.376	8.287	-3.021610237
85	31703	24964624	43.376	41.827	-3.265252655
85	31703	24958200	43.376	20.889	-18.03150428
85	31703	24748204	43.376	23.163	-19.39824874
85	31703	11520894	43.376	14.248	6.396440004
85	31703	16224745	43.376	25.926	-18.47210983
85	31703	9826528	43.376	1.929	-12.53209117
85	31703	216239	43.376	60.353	-7.254628471
85	31703	5329102	43.376	43.742	-0.581950606
85	31703	5394	43.376	-8.007	-65.04207782
85	31703	5311	43.376	24.286	-7.245919305
85	176870	11960529	6.679	5.58	-4.479626492
85	176870	11977753	6.679	51.049	5.670541086
85	176870	387447	6.679	23.52	-0.151934436
85	176870	3062316	6.679	7.929	-1.619413918
85	176870	46926350	6.679	39.938	-0.147711625
85	176870	5288382	6.679	40.519	1.504619828
85	176870	11520894	6.679	14.248	9.085269444
85	176870	16224745	6.679	25.926	1.092761095
85	176870	71301229	6.679	6.958	0.524786819
85	176870	9826528	6.679	1.929	-1.328567821
85	176870	104842	6.679	12.628	6.87749637
85	176870	216239	6.679	60.353	1.419431693
85	176870	60700	6.679	26.44	9.10795627
85	36462	11960529	12.407	5.58	-0.861544189
85	36462	24856436	12.407	15.884	7.4427061
85	36462	11977753	12.407	51.049	-5.518213019
85	36462	387447	12.407	23.52	-3.7763932
85	36462	3062316	12.407	7.929	5.327318018
85	36462	46926350	12.407	39.938	-0.245375403
85	36462	176870	12.407	6.673	5.269041537
85	36462	5288382	12.407	40.519	-3.10023443
85	36462	208908	12.407	8.287	-1.185402058
85	36462	24964624	12.407	41.827	11.39559185
85	36462	24958200	12.407	20.889	3.325981006
85	36462	24748204	12.407	23.163	-0.127968752
85	36462	11520894	12.407	14.248	8.413355926
85	36462	16224745	12.407	25.926	6.791547008
85	36462	9826528	12.407	1.929	0.164278644
85	36462	216239	12.407	60.353	1.026377945
85	36462	5329102	12.407	43.742	3.982474851
85	36462	5394	12.407	-8.007	-19.08581617
85	36462	5311	12.407	24.286	1.021923436
85	5288382	11977753	40.518	51.049	-0.69547904
85	5288382	46926350	40.518	39.938	-0.648079489
85	5288382	16224745	40.518	25.926	-1.997856446
85	5288382	71301229	40.518	6.958	-0.395343143
85	5288382	104842	40.518	12.628	0.02964036
85	5288382	216239	40.518	60.353	-1.776005013
85	5288382	60700	40.518	26.44	1.663399122
85	60750	11960529	36.851	5.58	1.933144755
85	60750	24856436	36.851	15.884	3.042639111
85	60750	11977753	36.851	51.049	7.599146263
85	60750	387447	36.851	23.52	-7.513615491
85	60750	3062316	36.851	7.929	3.182542628
85	60750	46926350	36.851	39.938	-7.954255485
85	60750	176870	36.851	6.673	5.488740993
85	60750	5288382	36.851	40.519	-1.827042824
85	60750	208908	36.851	8.287	2.497928751
85	60750	24964624	36.851	41.827	15.84535386
85	60750	24958200	36.851	20.889	1.89576655
85	60750	24748204	36.851	23.163	2.259657797
85	60750	11520894	36.851	14.248	10.54850143
85	60750	16224745	36.851	25.926	4.005077908
85	60750	9826528	36.851	1.929	1.582450754
85	60750	216239	36.851	60.353	2.526531061
85	60750	5329102	36.851	43.742	7.88917855
85	60750	5394	36.851	-8.007	-9.958449005
85	216453	11960529	49.542	5.58	-4.942361176
85	216453	24856436	49.542	15.884	2.432584702
85	216453	11977753	49.542	51.049	6.952183206
85	216453	387447	49.542	23.52	1.362934539
85	216453	3062316	49.542	7.929	-1.361842104
85	216453	46926350	49.542	39.938	-0.980932245
85	216453	176870	49.542	6.673	0.14340968
85	216453	36462	49.542	12.408	-5.663148043
85	216453	5288382	49.542	40.519	1.361922937
85	216453	60750	49.542	36.864	0.624919467
85	216453	208908	49.542	8.287	1.818349695
85	216453	24964624	49.542	41.827	19.23912084
85	216453	24958200	49.542	20.889	-6.405620901
85	216453	24748204	49.542	23.163	-3.024539175
85	216453	11520894	49.542	14.248	14.41943795
85	216453	16224745	49.542	25.926	-4.828242114
85	216453	71301229	49.542	6.958	-5.681039948
85	216453	9826528	49.542	1.929	-3.694045974
85	216453	104842	49.542	12.628	-2.086143216
85	216453	216239	49.542	60.353	4.196125895
85	216453	5329102	49.542	43.742	8.753943538
85	216453	5394	49.542	-8.007	-19.88627147
85	216453	60700	49.542	26.44	0.943205499
85	216453	5311497	49.542	34.272	3.334576231
85	216453	5311	49.542	24.286	4.275786481
85	208908	11960529	8.296	5.58	-3.330030517
85	208908	11977753	8.296	51.049	4.512310472
85	208908	387447	8.296	23.52	1.635544608
85	208908	3062316	8.296	7.929	2.385855582
85	208908	46926350	8.296	39.938	-0.245542873
85	208908	176870	8.296	6.673	-6.78019353
85	208908	5288382	8.296	40.519	5.12412235
85	208908	24964624	8.296	41.827	8.936676925
85	208908	24958200	8.296	20.889	-0.368319041
85	208908	24748204	8.296	23.163	-1.212618767
85	208908	11520894	8.296	14.248	7.679049871
85	208908	16224745	8.296	25.926	-2.660469681
85	208908	71301229	8.296	6.958	-8.415384529
85	208908	9826528	8.296	1.929	7.082515201
85	208908	104842	8.296	12.628	5.127868706
85	208908	216239	8.296	60.353	1.206941739
85	208908	60700	8.296	26.44	5.472693465
85	4091	11960529	-1.165	5.58	-14.76130687
85	4091	24856436	-1.165	15.884	-19.1906972
85	4091	11977753	-1.165	51.049	-26.66633899
85	4091	387447	-1.165	23.52	-33.24902831
85	4091	3062316	-1.165	7.929	-9.236095064
85	4091	46926350	-1.165	39.938	-21.84785996
85	4091	176870	-1.165	6.673	-77.21701998
85	4091	5288382	-1.165	40.519	-22.093565
85	4091	216453	-1.165	49.542	-14.94039357
85	4091	208908	-1.165	8.287	-82.36040594
85	4091	24964624	-1.165	41.827	-9.476760665
85	4091	24958200	-1.165	20.889	-16.2949205
85	4091	24748204	-1.165	23.163	-16.36822947
85	4091	11520894	-1.165	14.248	-21.1820297
85	4091	16224745	-1.165	25.926	-16.14059458
85	4091	9826528	-1.165	1.929	-7.60876407
85	4091	216239	-1.165	60.353	-26.57665766
85	4091	5329102	-1.165	43.742	-32.17980584
85	4091	5394	-1.165	-8.007	-7.258669912
85	4091	5311	-1.165	24.286	-38.70791437
85	126941	11960529	46.768	5.58	-16.30559376
85	126941	24856436	46.768	15.884	-9.269055794
85	126941	11977753	46.768	51.049	-5.628129032
85	126941	387447	46.768	23.52	-6.676947577
85	126941	3062316	46.768	7.929	-3.377168704
85	126941	46926350	46.768	39.938	-4.449433855
85	126941	176870	46.768	6.673	-1.84884345
85	126941	5288382	46.768	40.519	-14.66102213
85	126941	216453	46.768	49.542	-13.09644602
85	126941	208908	46.768	8.287	-6.375081698
85	126941	24964624	46.768	41.827	-6.593849065
85	126941	24958200	46.768	20.889	-9.492019851
85	126941	24748204	46.768	23.163	-11.27656439
85	126941	11520894	46.768	14.248	-2.039474685
85	126941	16224745	46.768	25.926	-8.913055719
85	126941	9826528	46.768	1.929	-6.310022387
85	126941	216239	46.768	60.353	-8.087034196
85	126941	5329102	46.768	43.742	-9.609214104
85	126941	5394	46.768	-8.007	-44.91594187
85	126941	5311	46.768	24.286	-13.17226489
85	5746	11960529	22.739	5.58	-0.786204651
85	5746	24856436	22.739	15.884	0.088094046
85	5746	11977753	22.739	51.049	-1.411242603
85	5746	387447	22.739	23.52	-4.258117984
85	5746	3062316	22.739	7.929	6.105742912
85	5746	46926350	22.739	39.938	-1.915862216
85	5746	176870	22.739	6.673	-2.731943862
85	5746	5288382	22.739	40.519	-0.31040073
85	5746	216453	22.739	49.542	-5.729307602
85	5746	208908	22.739	8.287	4.127970778
85	5746	24964624	22.739	41.827	12.23499596
85	5746	24958200	22.739	20.889	1.323453401
85	5746	24748204	22.739	23.163	-5.176455337
85	5746	11520894	22.739	14.248	10.92058012
85	5746	16224745	22.739	25.926	0.128907575
85	5746	9826528	22.739	1.929	2.159470164
85	5746	216239	22.739	60.353	-3.886533985
85	5746	5329102	22.739	43.742	7.292526541
85	5746	5394	22.739	-8.007	-24.57935222
85	5746	5311	22.739	24.286	-1.50772503
85	24964624	11960529	41.824	5.58	8.564641566
85	24964624	11977753	41.824	51.049	9.523638131
85	24964624	387447	41.824	23.52	2.781347946
85	24964624	3062316	41.824	7.929	3.92066691
85	24964624	46926350	41.824	39.938	2.04315156
85	24964624	176870	41.824	6.673	13.09472152
85	24964624	5288382	41.824	40.519	4.151298839
85	24964624	11520894	41.824	14.248	18.83777838
85	24964624	16224745	41.824	25.926	8.019678876
85	24964624	71301229	41.824	6.958	-6.22265551
85	24964624	9826528	41.824	1.929	8.762122836
85	24964624	104842	41.824	12.628	14.58987085
85	24964624	216239	41.824	60.353	7.317266024
85	24964624	60700	41.824	26.44	11.95875586
85	59691338	3385	-2.768	22.528	-6.307642323
85	59691338	11960529	-2.768	5.58	7.938165729
85	59691338	24856436	-2.768	15.884	-3.238232842
85	59691338	11977753	-2.768	51.049	-21.49536697
85	59691338	387447	-2.768	23.52	-29.02058498
85	59691338	426756	-2.768	-2.418	13.99496892
85	59691338	2907	-2.768	-11.196	10.82666685
85	59691338	3062316	-2.768	7.929	-2.115251438
85	59691338	5743	-2.768	19.408	9.178956762
85	59691338	46926350	-2.768	39.938	-22.67560799
85	59691338	31703	-2.768	43.378	-40.71954412
85	59691338	176870	-2.768	6.673	0.194826157
85	59691338	36462	-2.768	12.408	0.561860846
85	59691338	5288382	-2.768	40.519	-12.89638826
85	59691338	60750	-2.768	36.864	0.750201898
85	59691338	216453	-2.768	49.542	-5.264960239
85	59691338	208908	-2.768	8.287	-4.163383446
85	59691338	4091	-2.768	-1.165	1.624982514
85	59691338	126941	-2.768	46.768	-19.83286531
85	59691338	5746	-2.768	22.74	-10.55145912
85	59691338	24964624	-2.768	41.827	-1.215118153
85	59691338	24958200	-2.768	20.889	-0.491151568
85	59691338	24748204	-2.768	23.163	-6.69765486
85	59691338	11520894	-2.768	14.248	-25.33048836
85	59691338	16224745	-2.768	25.926	-5.446150653
85	59691338	56841621	-2.768	21.753	-11.46408022
85	59691338	71301229	-2.768	6.958	5.700829277
85	59691338	36314	-2.768	33.389	-13.74206158
85	59691338	9826528	-2.768	1.929	5.963156663
85	59691338	104842	-2.768	12.628	-13.02083644
85	59691338	216239	-2.768	60.353	-5.380266541
85	59691338	5329102	-2.768	43.742	-0.343978161
85	59691338	5394	-2.768	-8.007	1.203716563
85	59691338	60700	-2.768	26.44	-1.533077823
85	59691338	241903	-2.768	5.841	-21.36564493
85	59691338	5311497	-2.768	34.272	-11.12570141
85	59691338	5311	-2.768	24.286	-9.925715663
85	24958200	11960529	20.888	5.58	-1.34450919
85	24958200	11977753	20.888	51.049	-6.637157893
85	24958200	387447	20.888	23.52	-2.82453116
85	24958200	3062316	20.888	7.929	4.405939858
85	24958200	46926350	20.888	39.938	-1.168119943
85	24958200	176870	20.888	6.673	8.305445652
85	24958200	5288382	20.888	40.519	0.970716478
85	24958200	24964624	20.888	41.827	9.539275328
85	24958200	11520894	20.888	14.248	6.909626744
85	24958200	16224745	20.888	25.926	5.221848419
85	24958200	71301229	20.888	6.958	1.076842379
85	24958200	9826528	20.888	1.929	-1.145138886
85	24958200	104842	20.888	12.628	4.525595594
85	24958200	216239	20.888	60.353	-1.989924019
85	24958200	60700	20.888	26.44	2.801287848
85	24748204	11960529	23.163	5.58	-1.543281774
85	24748204	11977753	23.163	51.049	-4.436650923
85	24748204	387447	23.163	23.52	-6.970597488
85	24748204	3062316	23.163	7.929	4.35255042
85	24748204	46926350	23.163	39.938	-2.512018631
85	24748204	176870	23.163	6.673	7.007888773
85	24748204	5288382	23.163	40.519	-0.353199044
85	24748204	24964624	23.163	41.827	9.033912634
85	24748204	24958200	23.163	20.889	0.017643725
85	24748204	11520894	23.163	14.248	5.999682507
85	24748204	16224745	23.163	25.926	-1.94326375
85	24748204	71301229	23.163	6.958	-2.190360702
85	24748204	9826528	23.163	1.929	-2.970403732
85	24748204	104842	23.163	12.628	-1.782569918
85	24748204	216239	23.163	60.353	1.048839711
85	24748204	60700	23.163	26.44	1.600328778
85	11520894	11977753	14.248	51.049	15.11011562
85	11520894	46926350	14.248	39.938	4.708696968
85	11520894	5288382	14.248	40.519	9.136441219
85	11520894	16224745	14.248	25.926	3.282659523
85	11520894	71301229	14.248	6.958	2.903707919
85	11520894	104842	14.248	12.628	9.83170833
85	11520894	216239	14.248	60.353	1.987934886
85	11520894	60700	14.248	26.44	11.44739609
85	56841621	3385	21.759	22.528	-2.045665156
85	56841621	11960529	21.759	5.58	3.783624195
85	56841621	24856436	21.759	15.884	-2.115471288
85	56841621	11977753	21.759	51.049	4.462535557
85	56841621	387447	21.759	23.52	0.709016087
85	56841621	426756	21.759	-2.418	-15.33250279
85	56841621	2907	21.759	-11.196	-19.31608056
85	56841621	3062316	21.759	7.929	12.80974901
85	56841621	5743	21.759	19.408	6.958424962
85	56841621	46926350	21.759	39.938	-3.942455219
85	56841621	31703	21.759	43.378	-5.979116753
85	56841621	176870	21.759	6.673	6.430275427
85	56841621	36462	21.759	12.408	6.06278484
85	56841621	5288382	21.759	40.519	2.405766247
85	56841621	60750	21.759	36.864	4.200166777
85	56841621	216453	21.759	49.542	1.83591185
85	56841621	208908	21.759	8.287	5.488519631
85	56841621	4091	21.759	-1.165	-62.65961262
85	56841621	126941	21.759	46.768	-6.448725548
85	56841621	5746	21.759	22.74	4.643648951
85	56841621	24964624	21.759	41.827	1.925213415
85	56841621	24958200	21.759	20.889	3.342694854
85	56841621	24748204	21.759	23.163	0.441696658
85	56841621	11520894	21.759	14.248	4.399460212
85	56841621	16224745	21.759	25.926	3.26066533
85	56841621	71301229	21.759	6.958	-4.541430124
85	56841621	36314	21.759	33.389	1.19917442
85	56841621	9826528	21.759	1.929	9.53015925
85	56841621	104842	21.759	12.628	7.879447832
85	56841621	216239	21.759	60.353	1.667978458
85	56841621	5329102	21.759	43.742	6.516088487
85	56841621	5394	21.759	-8.007	-56.68426777
85	56841621	60700	21.759	26.44	8.463629286
85	56841621	241903	21.759	5.841	11.77078637
85	56841621	5311497	21.759	34.272	1.2386695
85	56841621	5311	21.759	24.286	-1.298083413
85	71301229	46926350	6.959	39.938	1.604196117
85	71301229	16224745	6.959	25.926	6.829203827
85	71301229	216239	6.959	60.353	-8.011829737
85	36314	11960529	33.388	5.58	-4.534658
85	36314	24856436	33.388	15.884	-0.376324549
85	36314	11977753	33.388	51.049	4.095493245
85	36314	387447	33.388	23.52	-5.896936427
85	36314	3062316	33.388	7.929	-2.039631808
85	36314	46926350	33.388	39.938	-1.071238829
85	36314	176870	33.388	6.673	1.076423159
85	36314	5288382	33.388	40.519	-3.069859356
85	36314	216453	33.388	49.542	0.248787599
85	36314	208908	33.388	8.287	0.106814631
85	36314	24964624	33.388	41.827	10.60489085
85	36314	24958200	33.388	20.889	-7.357219703
85	36314	24748204	33.388	23.163	-2.838971082
85	36314	11520894	33.388	14.248	5.047752521
85	36314	16224745	33.388	25.926	-2.472873155
85	36314	9826528	33.388	1.929	-12.57316371
85	36314	216239	33.388	60.353	0.035482634
85	36314	5329102	33.388	43.742	6.68228433
85	36314	5394	33.388	-8.007	-19.98051783
85	36314	5311	33.388	24.286	2.641885828
85	9826528	11960529	1.929	5.58	3.896535824
85	9826528	11977753	1.929	51.049	-0.314226328
85	9826528	387447	1.929	23.52	-2.333815936
85	9826528	3062316	1.929	7.929	-3.075463974
85	9826528	46926350	1.929	39.938	1.871589269
85	9826528	5288382	1.929	40.519	0.026009015
85	9826528	11520894	1.929	14.248	-6.711849628
85	9826528	16224745	1.929	25.926	-2.865576099
85	9826528	71301229	1.929	6.958	2.981899135
85	9826528	104842	1.929	12.628	-3.593517511
85	9826528	216239	1.929	60.353	6.558208205
85	9826528	60700	1.929	26.44	2.072078433
85	104842	46926350	12.628	39.938	-2.974820682
85	104842	16224745	12.628	25.926	1.150727879
85	104842	216239	12.628	60.353	3.637093707
85	216239	46926350	60.352	39.938	-6.827532976
85	216239	16224745	60.352	25.926	-5.583373197
85	5329102	11960529	43.741	5.58	-8.610944216
85	5329102	24856436	43.741	15.884	4.5267034
85	5329102	11977753	43.741	51.049	10.36364338
85	5329102	387447	43.741	23.52	4.606139495
85	5329102	3062316	43.741	7.929	5.561959889
85	5329102	46926350	43.741	39.938	-0.182238531
85	5329102	176870	43.741	6.673	4.948135941
85	5329102	5288382	43.741	40.519	-0.331380217
85	5329102	208908	43.741	8.287	8.430641425
85	5329102	24964624	43.741	41.827	15.78156194
85	5329102	24958200	43.741	20.889	4.040937708
85	5329102	24748204	43.741	23.163	5.606446266
85	5329102	11520894	43.741	14.248	12.8005253
85	5329102	16224745	43.741	25.926	6.095781425
85	5329102	71301229	43.741	6.958	-5.35659625
85	5329102	9826528	43.741	1.929	4.122592551
85	5329102	104842	43.741	12.628	12.51222938
85	5329102	216239	43.741	60.353	-3.87958029
85	5329102	5394	43.741	-8.007	-31.14195444
85	5329102	60700	43.741	26.44	8.995846464
85	5394	11960529	-8.008	5.58	-9.967667771
85	5394	24856436	-8.008	15.884	-27.064772
85	5394	11977753	-8.008	51.049	-27.63100183
85	5394	387447	-8.008	23.52	-42.11315654
85	5394	3062316	-8.008	7.929	-20.47109608
85	5394	46926350	-8.008	39.938	-39.21242398
85	5394	176870	-8.008	6.673	-64.66324634
85	5394	5288382	-8.008	40.519	-27.91565054
85	5394	208908	-8.008	8.287	-72.48165805
85	5394	24964624	-8.008	41.827	-6.434858603
85	5394	24958200	-8.008	20.889	-16.46834965
85	5394	24748204	-8.008	23.163	-25.00242053
85	5394	11520894	-8.008	14.248	-21.1655979
85	5394	16224745	-8.008	25.926	-17.78270894
85	5394	71301229	-8.008	6.958	-24.00478621
85	5394	9826528	-8.008	1.929	-8.824471225
85	5394	104842	-8.008	12.628	-25.48806406
85	5394	216239	-8.008	60.353	-22.76566306
85	5394	60700	-8.008	26.44	-14.71618168
85	60700	11977753	26.439	51.049	0.967135734
85	60700	46926350	26.439	39.938	1.339611485
85	60700	16224745	26.439	25.926	7.172325895
85	60700	216239	26.439	60.353	1.894885509
85	241903	11960529	5.85	5.58	0.121121902
85	241903	24856436	5.85	15.884	9.29379698
85	241903	11977753	5.85	51.049	5.437912415
85	241903	387447	5.85	23.52	2.511621787
85	241903	3062316	5.85	7.929	4.940377159
85	241903	46926350	5.85	39.938	2.145377562
85	241903	176870	5.85	6.673	13.13953953
85	241903	5288382	5.85	40.519	-2.361562608
85	241903	216453	5.85	49.542	2.653352026
85	241903	208908	5.85	8.287	5.107781002
85	241903	24964624	5.85	41.827	7.947025518
85	241903	24958200	5.85	20.889	4.635230397
85	241903	24748204	5.85	23.163	7.25319388
85	241903	11520894	5.85	14.248	14.27478156
85	241903	16224745	5.85	25.926	2.206870438
85	241903	9826528	5.85	1.929	4.450736218
85	241903	216239	5.85	60.353	7.506766786
85	241903	5329102	5.85	43.742	8.703644142
85	241903	5394	5.85	-8.007	-38.33175379
85	241903	5311	5.85	24.286	9.331341826
85	5311497	11960529	34.266	5.58	-3.495076764
85	5311497	24856436	34.266	15.884	1.605368318
85	5311497	11977753	34.266	51.049	5.226463564
85	5311497	387447	34.266	23.52	-3.826642874
85	5311497	3062316	34.266	7.929	-0.401416304
85	5311497	46926350	34.266	39.938	-6.601619219
85	5311497	176870	34.266	6.673	-1.65576543
85	5311497	5288382	34.266	40.519	-3.299831305
85	5311497	208908	34.266	8.287	0.199032057
85	5311497	24964624	34.266	41.827	11.72110486
85	5311497	24958200	34.266	20.889	-6.43676659
85	5311497	24748204	34.266	23.163	-1.92434876
85	5311497	11520894	34.266	14.248	5.055576764
85	5311497	16224745	34.266	25.926	-1.669957561
85	5311497	9826528	34.266	1.929	-5.910814992
85	5311497	216239	34.266	60.353	2.218478327
85	5311497	5329102	34.266	43.742	7.219277026
85	5311497	5394	34.266	-8.007	-25.11650523
85	5311497	5311	34.266	24.286	0.04070592
85	5311	11960529	24.286	5.58	-5.993385198
85	5311	24856436	24.286	15.884	0.90563612
85	5311	11977753	24.286	51.049	1.03060749
85	5311	387447	24.286	23.52	1.715225051
85	5311	3062316	24.286	7.929	2.212951607
85	5311	46926350	24.286	39.938	-6.372370724
85	5311	176870	24.286	6.673	7.417812818
85	5311	5288382	24.286	40.519	-0.695628641
85	5311	60750	24.286	36.864	5.39650636
85	5311	208908	24.286	8.287	2.550644586
85	5311	24964624	24.286	41.827	13.79596375
85	5311	24958200	24.286	20.889	-2.077554881
85	5311	24748204	24.286	23.163	0.78663386
85	5311	11520894	24.286	14.248	9.509349552
85	5311	16224745	24.286	25.926	-1.595157826
85	5311	71301229	24.286	6.958	-0.469254884
85	5311	9826528	24.286	1.929	-3.280346667
85	5311	104842	24.286	12.628	2.526761048
85	5311	216239	24.286	60.353	-0.976228993
85	5311	5329102	24.286	43.742	7.470253192
85	5311	5394	24.286	-8.007	-39.95151719
85	5311	60700	24.286	26.44	2.392194002
