MASTER_CELL_ID	Drug1_pub	Drug2_pub	Bliss_matrix	HSA_matrix
1912	54761306	23725625	-0.035283097	-0.006088676
1912	24856436	23725625	-0.041918796	-0.016759613
1912	24856436	54761306	0.000641629	0.04975616
1912	16007391	23725625	-0.023267088	-0.009037355
1912	16007391	54761306	-0.037342492	-0.008610924
1912	16007391	24856436	-0.038561883	-0.017744636
1912	118502708	24856436	-0.035760373	-0.015125233
1912	135151360	23725625	-0.02082439	-0.006923459
1912	118502708	54761306	-0.020239543	-0.001847992
1912	118502708	16007391	-0.053636764	-0.04036143
1912	135151360	24856436	-0.056836708	-0.011431657
1912	135151360	118502708	0.020166682	0.035142576
1912	135151360	54761306	-0.020093319	0.002616463
1912	135151360	16007391	-0.05203903	-0.027831707
1912	46700756	23725625	-0.043389113	-0.004676824
1912	46700756	54761306	-0.0072109	0.05965354
1912	46700756	24856436	-0.006052542	0.075041664
1912	46700756	118502708	0.034764872	0.056911206
1912	46700756	135151360	-0.022794156	-0.001294449
1912	46700756	104842	-0.045382209	0.032896554
1912	104842	23725625	-0.021667293	-0.001888662
1912	31703	135151360	-0.022421029	-0.0078725
1912	90132565	23725625	-0.028468357	-0.01473913
1912	104842	118502708	-0.009096471	0.009646652
1912	3082962	23725625	-0.064870327	-0.050006089
1912	54761306	23725625	-0.007110387	0.018078281
1912	24856436	23725625	-0.069730163	-0.030062423
1912	24856436	54761306	-0.038681863	0.04357729
1912	16007391	23725625	-0.037277723	-0.013012207
1912	16007391	54761306	-0.089470328	-0.045049363
1912	16007391	24856436	-0.040302014	-0.019399788
1912	118502708	24856436	-0.033168664	-0.010491954
1912	135151360	23725625	-0.054034096	-0.040412323
1912	118502708	54761306	-0.017552502	0.001778552
1912	118502708	16007391	-0.065032103	-0.049746833
1912	135151360	24856436	-0.025479779	0.011697311
1912	135151360	118502708	-0.125900886	-0.088962102
1912	135151360	54761306	0.013267905	0.032033573
1912	135151360	16007391	-0.019850578	0.002480734
1912	46700756	23725625	-0.061727561	-0.045165021
1912	46700756	54761306	-0.067925204	0.007514126
1912	46700756	24856436	-0.00025961	0.070991489
1912	46700756	118502708	-0.026856117	-0.003897642
1912	46700756	135151360	-0.031658887	-0.009355168
1912	46700756	104842	-0.066271238	0.007037316
1912	104842	23725625	0.00011259	0.019976471
1912	31703	135151360	-0.011125291	0.007375467
1912	90132565	23725625	-0.049145621	-0.036540012
1912	104842	118502708	-0.023064316	-0.00310176
1912	3082962	23725625	-0.051282203	-0.038062594
1912	54761306	23725625	-0.002137385	0.036927206
1912	24856436	23725625	-0.111887753	-0.066478263
1912	24856436	54761306	-0.035227395	0.05137808
1912	16007391	23725625	-0.030175955	-0.002727414
1912	16007391	54761306	-0.055503017	-0.018868236
1912	16007391	24856436	-0.066879897	-0.046625545
1912	118502708	24856436	-0.047821745	-0.024611182
1912	135151360	23725625	-0.067716608	-0.051470017
1912	118502708	54761306	-0.036425669	-0.017266086
1912	118502708	16007391	-0.03985215	-0.026700727
1912	135151360	24856436	-0.014109758	0.039417079
1912	135151360	118502708	-0.01815981	-0.00056964
1912	135151360	54761306	0.00493192	0.025405138
1912	135151360	16007391	-0.019318016	0.011761423
1912	46700756	23725625	-0.120734002	-0.086276331
1912	46700756	54761306	-0.044597113	0.039111662
1912	46700756	24856436	-0.013768513	0.083495768
1912	46700756	118502708	-0.024653772	-0.004068813
1912	46700756	135151360	-0.033766411	-0.01000533
1912	46700756	104842	-0.064736511	0.015768835
1912	104842	23725625	0.017323853	0.041278368
1912	31703	135151360	-0.027389754	-0.009878643
1912	90132565	23725625	-0.049013873	-0.035443886
1912	104842	118502708	-0.000241044	0.01885824
1912	3082962	23725625	-0.060430749	-0.045917493
1912	131634760	24856436	-0.024048535	0.028580981
1912	131634760	118502708	0.015887948	0.029530336
1912	131634760	54761306	-0.006223175	0.011180834
1912	131634760	16007391	0.015927748	0.039025153
1912	131634760	135151360	-0.039843138	-0.022616176
1912	131634760	25227436	-0.031388839	-0.019738165
1912	131634760	52913813	-0.094817418	-0.068812042
1912	131634760	10127622	-0.022200279	0.00263052
1912	131634760	49846579	-0.031650087	-0.014677585
1912	86661883	54761306	0.011248926	0.052667751
1912	86661883	24856436	0.030661678	0.050114729
1912	86661883	118502708	-0.041108403	-0.030387
1912	86661883	25227436	-0.048981782	-0.036844678
1912	86661883	16007391	-0.021375791	-0.008041741
1912	86661883	135151360	-0.041767749	-0.030846444
1912	86661883	10127622	0.035678928	0.069970016
1912	86661883	52913813	0.004755051	0.025091168
1912	49846579	54761306	-0.055610537	0.001323079
1912	49846579	24856436	0.020641284	0.081992466
1912	49846579	16007391	0.002404503	0.029202676
1912	49846579	118502708	-0.005617018	0.026738562
1912	49846579	135151360	-0.042595991	-0.00643743
1912	49846579	25227436	-0.064016424	-0.046843706
1912	49846579	52913813	-0.025549009	-0.00789417
1912	11707110	51001932	0.148293582	0.205424344
1912	49846579	24771867	-0.074008716	-0.041592039
1912	49846579	10127622	-0.065641353	-0.027300453
1912	46700756	104842	-0.030111967	0.042790977
1912	25227436	16007391	-0.0330316731474982	-0.0160526366764391
1912	25227436	54761306	-0.0258904004095658	0.0162036764906651
1912	25227436	126689157	-0.0500127701210149	-0.0319201180913478
1912	25227436	118693659	-0.0086033379492461	0.0101330111278594
1912	25227436	5330286	-0.0404015871826493	-0.0114393317765083
1912	25227436	10127622	0.053540398203069	0.0865067347119542
1912	5330286	131634760	-0.0427284464972861	-0.0218494938473528
1912	5330286	49846579	-0.0239423445151864	-0.009491767196178
1912	208908	11626560	-0.0041795269469034	0.0168022978274976
1912	3062316	11707110	0.0234886018974179	0.0591331606129425
1912	5330286	10127622	-0.0228246592752516	0.0093780019868769
1912	208908	24964624	-0.003020536357156	0.018354665767966
1912	118693659	24856436	-0.0567125073501602	-0.0281875218256042
1912	118693659	131634760	-0.0477112644653901	-0.0336675261781045
1912	118693659	54761306	-0.0424335628949129	0.0022057564540744
1912	118693659	16007391	-0.0476733268153692	-0.0306218117825709
1912	118693659	49846579	-0.0448244307757082	-0.0309695703113716
1912	118693659	10127622	-0.020878817056979	0.0123430532186913
1912	68289010	131634760	-0.0305944970324942	-0.0133242490621669
1912	68289010	49846579	-0.0218564992801167	-0.0047877654609999
1912	10127622	54761306	-0.0653202070324846	0.0043095198664651
1912	10127622	16007391	-0.0292142380313884	-0.0037089640673925
1912	123631	126689157	-0.0440938814208602	-0.0241530320100556
1912	10127622	24856436	0.0133725607174851	0.0646974189412951
1912	10127622	126689157	-0.0434035298016306	-0.023374885228397
1912	54761306	60749	-0.0027850461859054	0.0542777655711218
1912	24856436	60749	-0.0394720078088942	0.0261669256665304
1912	72165232	60749	-0.0384367725730622	0.0313456056179328
1912	52913813	25227436	-0.0435996794914537	-0.0184635311793609
1912	52913813	5330286	-0.0061978967995047	0.0146212626875754
1912	131634760	60749	0.0277954525020894	0.0522030999224289
1912	86661883	36314	0.329049635292047	0.376530315311807
1912	131634760	36314	-0.0231463602024943	0.0208225239764528
1912	23725625	86661883	-0.0818406036757569	-0.0390381798391155
1912	23725625	118693659	-0.0668818057373093	-0.0340801126251494
1912	23725625	131634760	-0.0296097456157511	-0.0071539526693835
1912	23725625	49846579	-0.0508655790128452	-0.0287426454793043
1912	54761306	10339178	-0.0996805995009241	-0.0646524730006668
1912	131634760	208908	0.0149007140062186	0.0340684455759001
1912	135151360	36462	0.0302107174502156	0.0524844174886785
1912	86661883	208908	-0.0093188959596956	0.0212422476730062
1912	24856436	104842	-0.0907831196017196	-0.0025150185084907
1912	72165232	3385	-0.0577314613811182	-0.0098556598009239
1912	72165232	24856436	-0.0149098612210855	0.045455430733971
1912	51001932	24866313	0.072430614906958	0.112886053053375
1912	208908	10127622	0.0373477783324356	0.0742324716437707
1912	11626560	10127622	-0.0625848283668727	-0.0374477607961692
1912	86661883	60749	0.010341411153652	0.040369091919683
1912	72165232	104842	-0.0823912929076789	-0.000312892891341777
1912	11626560	3062316	-0.0312089413530023	-0.0071419877186944
1912	49846579	208908	-0.0383892216056987	-0.0200198205555984
