MASTER_CELL_ID	Drug1_pub	Drug2_pub	Bliss_matrix	HSA_matrix
306	54761306	23725625	0.003740256	0.026332425
306	24856436	23725625	-0.034460076	-0.004145473
306	24856436	54761306	-0.01623417	0.068874938
306	16007391	23725625	-0.034511016	-0.017025853
306	16007391	54761306	-0.142168956	-0.128511222
306	16007391	24856436	-0.022321666	-0.008078447
306	118502708	24856436	-0.020325437	0.016262047
306	135151360	23725625	-0.070255024	-0.043442655
306	118502708	54761306	0.006161864	0.048934678
306	118502708	16007391	-0.000148521	0.013328812
306	54761306	23725625	-0.020441438	0.001557497
306	24856436	23725625	-0.02809268	0.012352883
306	24856436	54761306	-0.026115083	0.057742479
306	16007391	23725625	-0.055913877	-0.037294899
306	16007391	54761306	-0.066039917	-0.050380421
306	16007391	24856436	-0.123931337	-0.108109506
306	118502708	24856436	-0.086247507	-0.034434441
306	135151360	23725625	-0.006104281	0.009409297
306	118502708	54761306	-0.04431468	0.008193456
306	118502708	16007391	0.009546098	0.02388411
306	135151360	24856436	-0.065794048	0.000707523
306	135151360	118502708	-0.025193218	0.005843242
306	135151360	54761306	-0.001539438	0.038808815
306	135151360	16007391	-0.012787672	0.00720368
306	46700756	23725625	-0.1286636	-0.099393024
306	46700756	54761306	-0.022554645	0.049590802
306	46700756	24856436	0.028034881	0.10746268
306	46700756	118502708	0.011577014	0.044078637
306	46700756	135151360	-0.026963303	0.017458023
306	46700756	104842	-0.103754018	-0.032753772
306	104842	23725625	0.086710682	0.10519759
306	31703	135151360	-0.007126059	0.030991452
306	90132565	23725625	-0.045023932	-0.034473498
306	104842	118502708	0.013540808	0.040894717
306	3082962	23725625	-0.021164631	-0.011941744
306	135151360	24856436	-0.012335923	0.047110736
306	135151360	118502708	-0.053059056	-0.024102297
306	135151360	54761306	-0.005810165	0.035658571
306	135151360	16007391	-0.012574511	0.006289327
306	46700756	23725625	-0.102205249	-0.079553599
306	46700756	54761306	-0.029605483	0.042810761
306	46700756	24856436	0.026853933	0.107419806
306	46700756	118502708	0.038751309	0.063102967
306	46700756	135151360	-0.068740141	-0.012700606
306	46700756	104842	-0.108174486	-0.039612049
306	104842	23725625	0.055567928	0.069279224
306	31703	135151360	0.010526546	0.050678069
306	90132565	23725625	-0.045495133	-0.034924341
306	104842	118502708	0.051894965	0.080794158
306	3082962	23725625	-0.027230028	-0.016471108
306	135151360	24856436	-0.067554649	0.000731054
306	135151360	118502708	-0.046854521	-0.017451539
306	135151360	54761306	-0.010334313	0.033067501
306	135151360	16007391	-0.011064179	0.013196286
306	46700756	23725625	-0.142830196	-0.119893052
306	46700756	54761306	-0.064073883	0.007866322
306	46700756	24856436	-0.015819226	0.062488804
306	46700756	118502708	-0.01779826	0.012050842
306	46700756	135151360	-0.082919327	-0.03570959
306	46700756	104842	-0.11747517	-0.048916436
306	104842	23725625	0.034964227	0.048566035
306	31703	135151360	0.018698407	0.050794699
306	90132565	23725625	-0.046668307	-0.037239666
306	104842	118502708	-0.004893213	0.020410968
306	3082962	23725625	-0.046274441	-0.03424026
306	131634760	24856436	-0.063960367	-0.031188229
306	131634760	118502708	-0.000523538	0.021269037
306	131634760	54761306	-0.032991798	0.007310242
306	131634760	16007391	-0.025705409	-0.005505785
306	131634760	135151360	-0.035576954	0.00035077
306	131634760	25227436	-0.069003215	-0.0379413
306	131634760	52913813	0.000475952	0.025800357
306	131634760	10127622	0.00737117	0.034934009
306	131634760	49846579	-0.021708479	-0.008779398
306	86661883	54761306	-0.035546937	-0.017100402
306	86661883	24856436	0.009311464	0.046630976
306	86661883	118502708	-0.062235941	-0.040168415
306	86661883	25227436	-0.071031519	-0.035407218
306	86661883	16007391	-0.027831209	-0.013095428
306	86661883	135151360	0.019459587	0.03856803
306	86661883	10127622	-0.008809557	0.038333121
306	86661883	52913813	0.037638964	0.089727884
306	49846579	54761306	-0.055598899	-0.022462129
306	49846579	24856436	-0.044750203	-0.023978182
306	49846579	16007391	-0.03590445	-0.017786439
306	49846579	118502708	-0.01473215	0.005925748
306	49846579	135151360	-0.052550618	-0.020708013
306	49846579	25227436	-0.041866886	-0.012799186
306	49846579	52913813	0.026771845	0.046518452
306	11707110	51001932	0.002738535	0.085264133
306	49846579	24771867	-0.054727746	-0.03432787
306	49846579	10127622	-0.062125993	-0.041194223
306	46700756	104842	-0.041713942	0.042655029
306	86661883	10127622	0.030989776	0.071047922
306	86661883	52913813	0.035522276	0.083340362
306	49846579	54761306	-0.090142057	-0.049856793
306	49846579	24856436	-0.088910255	-0.070238819
306	49846579	16007391	-0.024836418	-0.009100525
306	49846579	118502708	-0.025070103	-0.005260687
306	49846579	135151360	-0.071193221	-0.042717275
306	49846579	25227436	-0.033370668	-0.008034315
306	49846579	52913813	0.064841793	0.092109026
306	11707110	51001932	-0.012246215	0.065393673
306	49846579	24771867	-0.100101075	-0.078939355
306	49846579	10127622	-0.045822007	-0.024561784
306	46700756	104842	-0.029929406	0.051619899
306	86661883	10127622	0.01954864	0.060645774
306	86661883	52913813	-0.012264426	0.034905683
306	49846579	54761306	-0.063669156	-0.02170659
306	49846579	24856436	-0.062527309	-0.041058502
306	49846579	16007391	-0.061080238	-0.043219369
306	49846579	118502708	-0.045053113	-0.021276923
306	49846579	135151360	-0.044493799	-0.019013552
306	49846579	25227436	-0.050199144	-0.028078754
306	49846579	52913813	0.028951348	0.048775964
306	11707110	51001932	-0.00916806	0.066362751
306	49846579	24771867	-0.079932146	-0.055971229
306	49846579	10127622	-0.007754236	0.00990813
306	46700756	104842	-0.038962594	0.043391118
306	25227436	16007391	-0.0387312514541666	-0.0184526641299777
306	25227436	54761306	-0.0575044088967632	0.0250053691810777
306	25227436	126689157	-0.0430158410892414	-0.0207849612548372
306	25227436	118693659	0.0420200122153467	0.0927495681546784
306	25227436	5330286	-0.0299974708624122	0.0427544184918805
306	25227436	10127622	-0.0040489563312101	0.0743673428040265
306	5330286	131634760	-0.0583690585745488	-0.0382477019480976
306	5330286	49846579	-0.0177820894039634	0.0034534457983982
306	208908	11626560	-0.0217312961497877	0.0348514750501573
306	3062316	11707110	0.104408687641474	0.154586430204069
306	5330286	10127622	0.0092984186904194	0.0835616557412481
306	208908	24964624	0.0841098228146418	0.124644705397614
306	118693659	24856436	-0.0348781058472847	0.0360007700649551
306	118693659	131634760	-0.0383430668912039	-0.0179427932662386
306	118693659	54761306	0.0603162141940696	0.102606311923479
306	118693659	16007391	-0.062325473446632	-0.0337467765860477
306	118693659	49846579	-0.0378147267898123	-0.0186428583765084
306	118693659	10127622	0.06503357944523	0.142000669614728
306	68289010	131634760	-0.0330822091656783	-0.015004304253541
306	68289010	49846579	-0.0394308854041627	-0.0219083272224887
306	10127622	54761306	-0.0380562330655779	0.0442697561404176
306	10127622	16007391	0.0139222345795521	0.0384436011195282
306	123631	126689157	-0.041771991678383	-0.0226694919227833
306	10127622	24856436	-0.0104614064736729	0.0736868876963298
306	10127622	126689157	-0.0324971511274153	-0.0101244716803927
306	54761306	60749	-0.0242778091316385	0.0657782756292475
306	24856436	60749	-0.00049073380972631	0.0952670315753881
306	72165232	60749	-0.0137004998051719	0.0716245079973661
306	52913813	25227436	-0.0371749580751595	0.050916586710632
306	52913813	5330286	-0.0313759330810986	0.064443562040344
306	131634760	60749	-0.0693330036178749	-0.0089578671617323
306	86661883	36314	-0.0406354272027293	-0.0102504938464305
306	131634760	36314	-0.121665546581595	-0.106695715002615
306	23725625	86661883	-0.0224797554498425	-0.0039478031914316
306	23725625	118693659	-0.0337886719490045	-0.0081096416407282
306	23725625	131634760	-0.0591486837248115	-0.0396312537230839
306	23725625	49846579	-0.0379992560538032	-0.0213917136375591
306	54761306	10339178	-0.0742662905177494	-0.0472216528552691
306	131634760	208908	-0.0052115215759108	0.0299348234683359
306	135151360	36462	0.0689499685637411	0.119108998161729
306	86661883	208908	-0.0216402879632179	0.0210189999448665
306	24856436	104842	-0.0387659993777005	0.0689902876108015
306	72165232	3385	0.0237544222975583	0.0740820767186693
306	72165232	24856436	0.0836865064429041	0.174188477522198
306	51001932	24866313	-0.0283619277843095	0.0650310915575196
306	208908	10127622	0.0360643209530124	0.108308689666451
306	11626560	10127622	-0.0545946523039172	0.0079403514951675
306	86661883	60749	-0.0476216716604879	-0.0222541465878833
306	72165232	104842	-0.0226754152434731	0.0586483455803692
306	11626560	3062316	-0.12150652195154	-0.0589851557887151
306	49846579	208908	-0.0767967601380603	-0.049692208564154
