MASTER_CELL_ID	Drug1_pub	Drug2_pub	Bliss_matrix	HSA_matrix
1756	135151360	24856436	-0.064455064	-0.023969708
1756	135151360	118502708	-0.018675934	-0.002930565
1756	135151360	54761306	0.032732187	0.053492538
1756	135151360	16007391	0.010397637	0.026778093
1756	46700756	23725625	-0.026966043	-0.006332375
1756	46700756	54761306	0.035029426	0.086802282
1756	46700756	24856436	0.09990612	0.148379629
1756	46700756	118502708	-0.047138647	-0.031877359
1756	46700756	135151360	-0.022940903	-0.007253232
1756	46700756	104842	0.067381237	0.118268529
1756	104842	23725625	0.049367565	0.059770901
1756	31703	135151360	0.005451939	0.016327086
1756	90132565	23725625	-0.046170035	-0.038599114
1756	104842	118502708	0.138855082	0.152290416
1756	3082962	23725625	-0.0348889	-0.026715426
1756	54761306	23725625	-0.039104245	-0.02343888
1756	24856436	23725625	0.029924228	0.042031976
1756	24856436	54761306	0.009679515	0.050351818
1756	16007391	23725625	-0.025252759	-0.010738151
1756	16007391	54761306	-0.047300276	-0.025793434
1756	16007391	24856436	0.003265884	0.011898074
1756	118502708	24856436	-0.031776409	-0.01960056
1756	135151360	23725625	-0.035261679	-0.028630344
1756	118502708	54761306	0.016083279	0.027091263
1756	118502708	16007391	-0.026071527	-0.019510061
1756	131634760	24856436	-0.097983276	-0.053803585
1756	131634760	118502708	-0.003224234	0.013154644
1756	131634760	54761306	-0.034640375	-0.004515505
1756	131634760	16007391	-0.017295781	0.001495934
1756	131634760	135151360	0.009194987	0.026268063
1756	131634760	25227436	-0.00424741	0.00771065
1756	131634760	52913813	-0.014167583	-0.001105297
1756	131634760	10127622	0.051314227	0.069675833
1756	131634760	49846579	-0.015915648	-0.006621639
1756	86661883	54761306	-0.036955762	-0.007915962
1756	86661883	24856436	0.034372252	0.051210075
1756	86661883	118502708	-0.038624266	-0.027688208
1756	86661883	25227436	-0.008875031	0.002035746
1756	86661883	16007391	-0.033706382	-0.023267676
1756	86661883	135151360	-0.040282493	-0.028921615
1756	86661883	10127622	-0.045430657	-0.004282785
1756	86661883	52913813	-0.002557828	0.014264837
1756	49846579	54761306	-0.025520873	0.000430194
1756	49846579	24856436	-0.042986451	-0.02146422
1756	49846579	16007391	-0.032782035	-0.02294335
1756	49846579	118502708	-0.052049426	-0.039523147
1756	49846579	135151360	-0.032252598	-0.023178516
1756	49846579	25227436	-0.021356829	-0.009934652
1756	49846579	52913813	-0.031838622	-0.023525209
1756	11707110	51001932	0.023367635	0.074961629
1756	49846579	24771867	-0.025218366	-0.012367426
1756	49846579	10127622	-0.064373195	-0.05026116
1756	46700756	104842	0.110167881	0.163867981
1756	25227436	16007391	-0.0634355925496766	-0.0328581027828472
1756	25227436	54761306	-0.0782120478385203	-0.0173007621190731
1756	25227436	126689157	-0.0447071421008976	-0.0247475391160105
1756	25227436	118693659	0.0200634189669151	0.043640481973576
1756	25227436	5330286	-0.0156528886126931	0.0149098543904136
1756	25227436	10127622	-0.0122898844572168	0.0405355071095438
1756	5330286	131634760	-0.0639670400441047	-0.0409137375393759
1756	5330286	49846579	-0.120198255890821	-0.10288718908587
1756	208908	11626560	-0.0406981725212769	0.0121010530768804
1756	3062316	11707110	-0.0302327722570758	-0.0143368056097169
1756	5330286	10127622	0.0353517612451614	0.093594388184063
1756	208908	24964624	0.0300618686048623	0.0625449485098159
1756	118693659	24856436	-0.0549248120516805	0.005512415057621
1756	118693659	131634760	-0.05692878488884	-0.0159151830142926
1756	118693659	54761306	-0.013245082175357	0.0543168900068283
1756	118693659	16007391	-0.0459919492719056	-0.0108650485092689
1756	118693659	49846579	-0.010985512607753	0.0128351118214077
1756	118693659	10127622	0.0264457827612615	0.103514257062666
1756	68289010	131634760	-0.0219688254965164	-0.0106659555815399
1756	68289010	49846579	-0.0465094284480948	-0.0335742969212778
1756	10127622	54761306	-0.0316056664758763	0.0469059980786501
1756	10127622	16007391	-0.0556118128192541	-0.0354495307428562
1756	123631	126689157	-0.0368453478933151	-0.0250892207790198
1756	10127622	24856436	-0.0379731157535701	0.0206731738758826
1756	10127622	126689157	-0.0198166979230479	-0.002686408615992
1756	54761306	60749	0.0853421088899234	0.148998174184548
1756	24856436	60749	0.015902349074221	0.0852505118544425
1756	72165232	60749	0.144966894567509	0.194770705644613
1756	52913813	25227436	-0.0177312024190433	-0.0010655760789373
1756	52913813	5330286	0.00146295285173	0.0166062704854849
1756	131634760	60749	-0.0473017336708224	-0.0330368091934234
1756	86661883	36314	0.003831021179564	0.0188795122782963
1756	131634760	36314	-0.047315546856798	-0.0334307997894223
1756	23725625	86661883	-0.0387506153382689	-0.0296513192742249
1756	23725625	118693659	-0.0338863392418693	-0.0197357961111202
1756	23725625	131634760	-0.0414355125103413	-0.0330300179727701
1756	23725625	49846579	-0.0412949018548151	-0.0328866148376716
1756	54761306	10339178	-0.0574546651523301	-0.0412440777470073
1756	131634760	208908	-0.033181043140491	-0.0055329399858832
1756	135151360	36462	-0.0204948587716828	-0.007318464479007
1756	86661883	208908	0.0441258358368	0.0751785336095297
1756	24856436	104842	0.0497646890399664	0.110207586072571
1756	72165232	3385	0.0936121917020822	0.118918889640593
1756	72165232	24856436	0.142493038166067	0.17446930108256
1756	51001932	24866313	0.0306585185629412	0.0829636789944506
1756	208908	10127622	-0.0088907741665157	0.0352968945112488
1756	11626560	10127622	-0.0843453707263405	-0.0209827257377191
1756	86661883	60749	-0.0356900198992306	-0.0169033304082977
1756	72165232	104842	0.0829920608161031	0.119051701498221
1756	11626560	3062316	-0.0512276464768382	-0.0369998408623582
1756	49846579	208908	-0.0411624118708597	-0.0285020754035933
