MASTER_CELL_ID	Drug1_pub	Drug2_pub	Bliss_matrix	HSA_matrix
3	54761306	23725625	0.007392993	0.022953088
3	24856436	23725625	-0.02679267	-0.003752353
3	24856436	54761306	0.016858592	0.059092661
3	16007391	23725625	0.0258009	0.039400692
3	16007391	54761306	-0.059349528	-0.04271994
3	16007391	24856436	-0.036686962	-0.024493734
3	118502708	24856436	-0.051581735	-0.038368987
3	135151360	23725625	-0.033800425	-0.027357836
3	118502708	54761306	0.022168757	0.030565081
3	118502708	16007391	-0.016570161	-0.011287641
3	54761306	23725625	0.030792359	0.043702259
3	24856436	23725625	0.002173599	0.018810917
3	24856436	54761306	0.021699772	0.058775227
3	16007391	23725625	0.015344487	0.028903614
3	16007391	54761306	-0.039607497	-0.02769244
3	16007391	24856436	-0.004525125	0.006600756
3	118502708	24856436	-0.052875502	-0.042221192
3	135151360	23725625	-0.039556069	-0.032284188
3	118502708	54761306	-0.015308072	-0.006530835
3	118502708	16007391	-0.016271942	-0.01000415
3	54761306	23725625	0.000912032	0.012870534
3	24856436	23725625	0.008116932	0.026060905
3	24856436	54761306	0.048448908	0.083908864
3	16007391	23725625	0.037857797	0.046826511
3	16007391	54761306	-0.061740329	-0.045200831
3	16007391	24856436	0.010654504	0.020489776
3	118502708	24856436	-0.024496339	-0.014037981
3	135151360	23725625	-0.019685163	-0.013710842
3	118502708	54761306	0.020432005	0.029683575
3	118502708	16007391	-0.006393791	-0.001086201
3	135151360	24856436	0.016221976	0.029521485
3	135151360	118502708	0.012917109	0.018552535
3	135151360	54761306	0.022057067	0.030240186
3	135151360	16007391	0.043077421	0.04816653
3	46700756	23725625	-0.062865793	-0.039071718
3	46700756	54761306	0.007166292	0.043465456
3	46700756	24856436	0.060183245	0.103924813
3	46700756	118502708	0.008351089	0.024320367
3	46700756	135151360	-0.021769511	-0.009494135
3	46700756	104842	0.035646154	0.090457479
3	104842	23725625	0.089211736	0.103984275
3	31703	135151360	0.046963096	0.060910332
3	90132565	23725625	-0.043383661	-0.035504465
3	104842	118502708	0.126307889	0.141006222
3	3082962	23725625	-0.014868474	-0.005728078
3	135151360	24856436	-0.03593402	-0.021775266
3	135151360	118502708	0.024917566	0.032249493
3	135151360	54761306	0.01055342	0.018764249
3	135151360	16007391	0.012704925	0.023071796
3	46700756	23725625	-0.023039421	-0.011662177
3	46700756	54761306	0.014881809	0.051434711
3	46700756	24856436	0.065658244	0.110180518
3	46700756	118502708	0.018264878	0.03228515
3	46700756	135151360	-0.014225279	0.003479422
3	46700756	104842	0.023235173	0.078037795
3	104842	23725625	0.038215358	0.049191288
3	31703	135151360	0.023420113	0.033681325
3	90132565	23725625	-0.028471834	-0.022727614
3	104842	118502708	0.116545736	0.128144483
3	3082962	23725625	-0.004426578	0.004081101
3	135151360	24856436	-0.021049394	-6.88e-05
3	135151360	118502708	0.023106407	0.029285961
3	135151360	54761306	-0.01605823	-0.006945233
3	135151360	16007391	0.019122797	0.027958089
3	46700756	23725625	-0.029859643	-0.017873026
3	46700756	54761306	0.024001523	0.058218862
3	46700756	24856436	0.064183178	0.108290771
3	46700756	118502708	0.025775399	0.04162994
3	46700756	135151360	0.009480736	0.021221362
3	46700756	104842	0.040070702	0.093647287
3	104842	23725625	0.060195167	0.073216376
3	31703	135151360	0.035581387	0.048115971
3	90132565	23725625	-0.02129054	-0.016150334
3	104842	118502708	0.139119416	0.151842942
3	3082962	23725625	-0.017814026	-0.009030683
3	54761306	23725625	-0.02546935	-0.002737367
3	24856436	23725625	-0.047812456	-0.029159314
3	24856436	54761306	0.023906641	0.066226772
3	16007391	23725625	0.051380539	0.058056924
3	16007391	54761306	-0.048497094	-0.026176669
3	16007391	24856436	-0.012000444	0.030164298
3	118502708	24856436	-0.011774866	0.018330888
3	135151360	23725625	-0.008974296	0.00429488
3	118502708	54761306	0.085702462	0.103695773
3	118502708	16007391	0.049389948	0.062923507
3	54761306	23725625	-0.004485641	0.017403223
3	24856436	23725625	-0.040621155	-0.020070922
3	24856436	54761306	0.017637439	0.056670156
3	16007391	23725625	0.058174739	0.065154398
3	16007391	54761306	0.024449741	0.036287328
3	16007391	24856436	0.028312072	0.057811367
3	118502708	24856436	-0.017393992	0.009263639
3	135151360	23725625	0.01458573	0.024635985
3	118502708	54761306	0.076257431	0.091299848
3	118502708	16007391	0.070885267	0.077463001
3	54761306	23725625	0.021821549	0.044892218
3	24856436	23725625	-0.060484432	-0.030857282
3	24856436	54761306	0.014435077	0.05782391
3	16007391	23725625	0.080705549	0.087791137
3	16007391	54761306	-0.001344319	0.017450597
3	16007391	24856436	-0.044330141	-0.000183095
3	118502708	24856436	-0.010046042	0.016627658
3	135151360	23725625	-0.007194162	0.004486406
3	118502708	54761306	0.056019104	0.070340077
3	118502708	16007391	0.055304045	0.065984403
3	135151360	24856436	-0.04723755	-0.020908211
3	135151360	118502708	-0.011087548	-0.005389504
3	135151360	54761306	0.023867592	0.037290775
3	135151360	16007391	0.025575318	0.032663464
3	46700756	23725625	-0.029414237	-0.016871313
3	46700756	54761306	-0.00382951	0.048780071
3	46700756	24856436	0.034120736	0.099551182
3	46700756	118502708	0.012621591	0.026169913
3	46700756	135151360	-0.035048214	-0.01446452
3	46700756	104842	0.042944541	0.100539317
3	104842	23725625	0.052230344	0.065189396
3	31703	135151360	0.035807223	0.055900969
3	90132565	23725625	-0.046441477	-0.035922546
3	104842	118502708	0.087612685	0.109096879
3	3082962	23725625	0.003798682	0.009050037
3	135151360	24856436	-0.030846846	-0.013483557
3	135151360	118502708	0.005912827	0.01145959
3	135151360	54761306	-0.006622688	0.009585081
3	135151360	16007391	0.010002217	0.021390174
3	46700756	23725625	-0.006045876	0.007550849
3	46700756	54761306	-0.024075944	0.027890471
3	46700756	24856436	0.039484436	0.104261204
3	46700756	118502708	-0.013444309	0.000721425
3	46700756	135151360	-0.008000313	0.003271099
3	46700756	104842	0.024240175	0.08324504
3	104842	23725625	0.031949126	0.045511067
3	31703	135151360	0.003455037	0.029234629
3	90132565	23725625	-0.021373863	-0.011472233
3	104842	118502708	0.110741072	0.122842205
3	3082962	23725625	0.032377127	0.037594248
3	135151360	24856436	-0.047318944	-0.03475689
3	135151360	118502708	-0.006721118	-0.001560764
3	135151360	54761306	0.00992242	0.026698362
3	135151360	16007391	0.038432995	0.04454127
3	46700756	23725625	-0.035386833	-0.025710369
3	46700756	54761306	-0.028825421	0.021078279
3	46700756	24856436	0.047985754	0.108982564
3	46700756	118502708	-0.023888605	-0.013448195
3	46700756	135151360	0.006228659	0.022902074
3	46700756	104842	0.048000119	0.1057081
3	104842	23725625	0.035838459	0.045655533
3	31703	135151360	0.057033217	0.070823682
3	90132565	23725625	-0.003963858	0.006760627
3	104842	118502708	0.08052907	0.102902594
3	3082962	23725625	0.008231971	0.015994603
3	54761306	23725625	0.000707657	0.018365211
3	24856436	23725625	-0.074894088	-0.047956729
3	24856436	54761306	-0.000163858	0.038797676
3	16007391	23725625	0.019202408	0.030691846
3	16007391	54761306	-0.024681305	-0.01246257
3	16007391	24856436	-0.047765494	-0.026080191
3	118502708	24856436	-0.049101191	-0.030080159
3	135151360	23725625	-0.036645275	-0.027958675
3	118502708	54761306	0.030848966	0.046523087
3	118502708	16007391	0.01980376	0.025105026
3	54761306	23725625	0.024850675	0.034963413
3	24856436	23725625	-0.078760604	-0.05262155
3	24856436	54761306	0.005079859	0.04291264
3	16007391	23725625	0.043328656	0.054022883
3	16007391	54761306	-0.045132477	-0.029033083
3	16007391	24856436	-0.021487418	-0.008058081
3	118502708	24856436	-0.064173905	-0.04534003
3	135151360	23725625	-0.022726866	-0.015843006
3	118502708	54761306	0.012520415	0.025685298
3	118502708	16007391	0.009572961	0.01507253
3	54761306	23725625	-0.057832829	-0.032241944
3	24856436	23725625	-0.082367354	-0.050559377
3	24856436	54761306	0.002186026	0.042378095
3	16007391	23725625	0.040466572	0.051052861
3	16007391	54761306	-0.059932894	-0.040134602
3	16007391	24856436	-0.05184853	-0.027302718
3	118502708	24856436	-0.050868889	-0.036174297
3	135151360	23725625	-0.034992831	-0.025248055
3	118502708	54761306	0.027998629	0.039681564
3	118502708	16007391	0.010726405	0.017128395
3	135151360	24856436	-0.054833827	-0.021907295
3	135151360	118502708	0.007491528	0.013894307
3	135151360	54761306	0.023289118	0.035087457
3	135151360	16007391	-0.02333184	-0.007518031
3	46700756	23725625	-0.085398295	-0.061801303
3	46700756	54761306	-0.032558225	0.004511257
3	46700756	24856436	0.012861876	0.059723824
3	46700756	118502708	-0.035638795	-0.022471181
3	46700756	135151360	-0.021677531	-0.009147601
3	31703	135151360	0.019443199	0.030481605
3	90132565	23725625	-0.032818974	-0.025749902
3	104842	118502708	0.039219441	0.056622268
3	3082962	23725625	-0.015318884	0.001850295
3	135151360	24856436	-0.024707362	0.001060268
3	135151360	118502708	-0.01333587	-0.00140424
3	135151360	54761306	-0.017310635	-0.001405618
3	135151360	16007391	0.011689275	0.024749894
3	46700756	23725625	-0.058576003	-0.037747775
3	46700756	54761306	0.016511108	0.045290016
3	46700756	24856436	-0.024978145	0.029674616
3	46700756	118502708	-0.001303817	0.012443477
3	46700756	135151360	-0.018314762	-0.007601867
3	31703	135151360	0.016069594	0.030506484
3	90132565	23725625	-0.025614051	-0.018480884
3	104842	118502708	0.060231438	0.080141656
3	3082962	23725625	0.000574707	0.013560761
3	135151360	24856436	-0.024131761	-0.003248646
3	135151360	118502708	-0.000917791	0.007745602
3	135151360	54761306	0.018693983	0.026400093
3	135151360	16007391	0.015916467	0.02658739
3	46700756	23725625	-0.082311093	-0.059724625
3	46700756	54761306	-0.003136708	0.027462719
3	46700756	24856436	-0.017710974	0.03672669
3	46700756	118502708	-0.002560384	0.007949489
3	46700756	135151360	-0.030983544	-0.020057718
3	31703	135151360	0.042246664	0.053542548
3	90132565	23725625	-0.021731128	-0.015318198
3	104842	118502708	0.055640375	0.068232456
3	3082962	23725625	-0.015818182	-0.001648347
3	54761306	23725625	0.043463523	0.061188218
3	24856436	23725625	0.006629087	0.034676613
3	24856436	54761306	0.033258839	0.078791677
3	16007391	23725625	0.030820407	0.045957948
3	16007391	54761306	-0.059851943	-0.04221433
3	16007391	24856436	-0.01035739	0.001043444
3	118502708	24856436	-0.034293933	-0.01803457
3	135151360	23725625	-0.01382811	-0.008074717
3	118502708	54761306	0.054299775	0.062863304
3	118502708	16007391	-0.001324982	0.004318262
3	54761306	23725625	0.057859644	0.073212008
3	24856436	23725625	0.104294928	0.12681634
3	24856436	54761306	-0.019934594	0.026984691
3	16007391	23725625	0.039924727	0.056300372
3	16007391	54761306	-0.057570884	-0.035602731
3	16007391	24856436	-0.015947408	-0.005228269
3	118502708	24856436	0.001132025	0.017517492
3	135151360	23725625	-0.006930559	-0.001125797
3	118502708	54761306	0.049346228	0.058034596
3	118502708	16007391	0.013157984	0.018405402
3	54761306	23725625	0.046001825	0.061247934
3	24856436	23725625	-0.000283035	0.028744155
3	24856436	54761306	-0.003871541	0.041298421
3	16007391	23725625	0.03177146	0.046152636
3	16007391	54761306	-0.03379552	-0.017906291
3	16007391	24856436	-0.022401912	-0.006911437
3	118502708	24856436	-0.025124585	-0.010773836
3	135151360	23725625	-0.030475819	-0.023597813
3	118502708	54761306	0.05594392	0.064454235
3	118502708	16007391	0.002471403	0.008810342
3	135151360	24856436	0.036674023	0.05671374
3	135151360	118502708	0.033359728	0.043165136
3	135151360	54761306	0.019142159	0.035152058
3	135151360	16007391	0.046433105	0.060952555
3	46700756	23725625	-0.006348976	0.007564044
3	46700756	54761306	0.061029201	0.098527221
3	46700756	24856436	0.061391866	0.112698281
3	46700756	118502708	0.017617453	0.035632038
3	46700756	135151360	0.005187886	0.031379168
3	46700756	104842	0.048845433	0.102230163
3	104842	23725625	0.018797243	0.029917941
3	31703	135151360	0.018655654	0.032143598
3	90132565	23725625	-0.030036103	-0.023707775
3	104842	118502708	0.129975648	0.149745669
3	3082962	23725625	0.028479811	0.03562272
3	135151360	24856436	-0.010057239	0.006041192
3	135151360	118502708	0.048208991	0.055129994
3	135151360	54761306	0.052771066	0.063525353
3	135151360	16007391	0.078868452	0.089604042
3	46700756	23725625	-0.045641827	-0.027072136
3	46700756	54761306	0.003475884	0.043445244
3	46700756	24856436	0.037000711	0.087650267
3	46700756	118502708	-0.006262849	0.019266736
3	46700756	135151360	-0.024997794	-0.006122655
3	46700756	104842	0.043100351	0.097246157
3	104842	23725625	0.01051994	0.029008554
3	31703	135151360	0.02743006	0.03657965
3	90132565	23725625	-0.029610821	-0.023898914
3	104842	118502708	0.070452247	0.0841662
3	3082962	23725625	-0.029923198	-0.019979194
3	135151360	24856436	-0.040538425	-0.008206836
3	135151360	118502708	0.034987729	0.042301054
3	135151360	54761306	0.032041551	0.050274408
3	135151360	16007391	0.024878454	0.037811565
3	46700756	23725625	-0.027833459	-0.009475484
3	46700756	54761306	0.011176341	0.050378247
3	46700756	24856436	0.064505306	0.111442039
3	46700756	118502708	-0.038295046	-0.019478387
3	46700756	135151360	-0.033841755	-0.020888657
3	46700756	104842	0.039573297	0.091976011
3	104842	23725625	0.052352768	0.065113561
3	31703	135151360	0.008274864	0.027690015
3	90132565	23725625	-0.042487384	-0.03550958
3	104842	118502708	0.112065543	0.12319454
3	3082962	23725625	0.004499304	0.013089255
3	54761306	23725625	0.023051905	0.040601971
3	24856436	23725625	-0.051225464	-0.020255041
3	24856436	54761306	0.045645962	0.088491328
3	16007391	23725625	0.056848683	0.070745848
3	16007391	54761306	-0.065810169	-0.043277666
3	16007391	24856436	-0.033216508	-0.022473371
3	118502708	24856436	-0.011690178	0.005969084
3	135151360	23725625	-0.034980043	-0.027981412
3	118502708	54761306	0.032551353	0.041050479
3	118502708	16007391	-0.017196823	-0.010999751
3	54761306	23725625	0.022189609	0.037454107
3	24856436	23725625	-0.031356852	-0.01202047
3	24856436	54761306	0.043125019	0.080910682
3	16007391	23725625	0.020337158	0.033876035
3	16007391	54761306	-0.08240152	-0.060732329
3	16007391	24856436	-0.049748508	-0.039080061
3	118502708	24856436	-0.026189208	-0.015486552
3	135151360	23725625	-0.030706193	-0.024756712
3	118502708	54761306	0.0300702	0.038286323
3	118502708	16007391	-0.022076578	-0.017096248
3	54761306	23725625	0.002799843	0.02266032
3	24856436	23725625	-0.084193739	-0.054962041
3	24856436	54761306	0.021414318	0.061448424
3	16007391	23725625	0.01092404	0.024233586
3	16007391	54761306	-0.038799385	-0.021333136
3	16007391	24856436	-0.075365622	-0.064619525
3	118502708	24856436	-0.01377855	-0.003081636
3	135151360	23725625	-0.052442554	-0.045557001
3	118502708	54761306	0.021581079	0.029743464
3	118502708	16007391	-0.023334754	-0.018287726
3	135151360	24856436	0.078573884	0.099870912
3	135151360	118502708	0.000206902	0.007424924
3	135151360	54761306	0.055240058	0.064195633
3	135151360	16007391	0.03996577	0.049635925
3	46700756	23725625	-0.055810065	-0.045987337
3	46700756	54761306	0.046500041	0.082842301
3	46700756	24856436	0.031065967	0.080924254
3	46700756	118502708	0.02729665	0.044408422
3	46700756	135151360	-0.022152345	-0.000851715
3	46700756	104842	0.089223144	0.141697597
3	104842	23725625	0.027346778	0.051764302
3	31703	135151360	0.036605124	0.048464913
3	90132565	23725625	-0.045822637	-0.038200838
3	104842	118502708	0.110411344	0.125513571
3	3082962	23725625	-0.015199657	-0.009342411
3	135151360	24856436	-0.020082631	0.009401214
3	135151360	118502708	-0.000425591	0.006645977
3	135151360	54761306	0.046673045	0.054732066
3	135151360	16007391	0.063088837	0.069189828
3	46700756	23725625	-0.04577031	-0.035545659
3	46700756	54761306	0.038568381	0.074460417
3	46700756	24856436	0.076952159	0.128115472
3	46700756	118502708	-0.003880325	0.013144663
3	46700756	135151360	0.004324515	0.01805497
3	46700756	104842	0.060701507	0.11389819
3	104842	23725625	0.058535642	0.075755198
3	31703	135151360	0.03141672	0.046545181
3	90132565	23725625	-0.041658793	-0.03459752
3	104842	118502708	0.109492911	0.119274696
3	3082962	23725625	-0.04229626	-0.031849151
3	135151360	24856436	0.027216737	0.05347804
3	135151360	118502708	0.016615173	0.023714431
3	135151360	54761306	0.067985246	0.075561511
3	135151360	16007391	0.032915406	0.040358703
3	46700756	23725625	-0.065839055	-0.054455621
3	46700756	54761306	0.024867588	0.062069286
3	46700756	24856436	0.075315693	0.122819207
3	46700756	118502708	-0.026970159	0.000941884
3	46700756	135151360	-0.001164712	0.021997245
3	46700756	104842	0.054250498	0.108454135
3	104842	23725625	0.08835394	0.108593176
3	31703	135151360	0.036484907	0.051892907
3	90132565	23725625	-0.030576053	-0.024076538
3	104842	118502708	0.106066554	0.115719796
3	3082962	23725625	-0.019734663	-0.011940499
3	54761306	23725625	0.064836578	0.080653282
3	24856436	23725625	-0.007623542	0.028364433
3	24856436	54761306	0.005735224	0.057037298
3	16007391	23725625	0.066118361	0.074490985
3	16007391	54761306	-0.06725275	-0.049973454
3	16007391	24856436	-0.072734796	-0.06187247
3	118502708	24856436	-0.03434554	-0.019739037
3	135151360	23725625	-0.026744348	-0.020173428
3	118502708	54761306	0.032683757	0.041183772
3	118502708	16007391	-0.009358664	-0.003342964
3	135151360	24856436	-0.061776935	-0.024124485
3	135151360	118502708	0.005454784	0.018253513
3	135151360	54761306	0.02888007	0.040306017
3	135151360	16007391	0.015684339	0.036071491
3	46700756	23725625	-0.036235799	-0.01224018
3	46700756	54761306	0.006254147	0.040120899
3	46700756	24856436	0.047572493	0.096690643
3	46700756	118502708	0.012015154	0.025554793
3	46700756	135151360	-0.0213877	-0.012390201
3	46700756	104842	0.080445603	0.129625273
3	104842	23725625	0.033383195	0.043886004
3	31703	135151360	0.051965267	0.061951397
3	90132565	23725625	-0.038930132	-0.032386662
3	104842	118502708	0.10138306	0.111692202
3	3082962	23725625	-0.024328424	-0.017564462
3	135151360	24856436	0.033683185	0.065120777
3	135151360	118502708	0.032798757	0.042341121
3	135151360	54761306	0.074774982	0.081372445
3	135151360	16007391	0.11115153	0.118922132
3	46700756	23725625	-0.054925237	-0.042360343
3	46700756	54761306	-0.011953054	0.023522649
3	46700756	24856436	0.010522408	0.067434053
3	46700756	118502708	0.025495083	0.042913558
3	46700756	135151360	0.012682528	0.039199552
3	46700756	104842	0.045961697	0.097911317
3	104842	23725625	0.068410534	0.082418289
3	31703	135151360	0.02316282	0.034800124
3	90132565	23725625	-0.025089757	-0.019846424
3	104842	118502708	0.139489781	0.149197529
3	3082962	23725625	-0.020896034	-0.014945703
3	54761306	23725625	0.012722374	0.032780612
3	24856436	23725625	-0.039518295	-0.009186336
3	24856436	54761306	-0.004349883	0.038458493
3	16007391	23725625	-0.00369593	0.009064168
3	16007391	54761306	-0.034607071	-0.016540242
3	16007391	24856436	-0.064240105	-0.051944072
3	118502708	24856436	-0.021696752	-0.010983803
3	135151360	23725625	-0.04609144	-0.037394092
3	118502708	54761306	0.042440502	0.051263292
3	118502708	16007391	-0.023599752	-0.018589086
3	54761306	23725625	0.038017823	0.059224117
3	24856436	23725625	-0.00519759	0.021465074
3	24856436	54761306	-0.044390606	0.00559585
3	16007391	23725625	-0.016473189	-0.001400423
3	16007391	54761306	-0.041041498	-0.024478327
3	16007391	24856436	-0.066181082	-0.0553358
3	118502708	24856436	-0.04280285	-0.032133193
3	135151360	23725625	-0.030747698	-0.024135672
3	118502708	54761306	-0.012608851	-0.003937609
3	118502708	16007391	-0.023941123	-0.018899014
3	54761306	23725625	-0.03453479	-0.005323886
3	24856436	23725625	-0.054648441	-0.015241866
3	24856436	54761306	0.002342119	0.050270855
3	16007391	23725625	0.02731606	0.042745103
3	16007391	54761306	-0.02390384	-0.006236008
3	16007391	24856436	-0.038521559	-0.027824511
3	118502708	24856436	-0.048930842	-0.038289515
3	135151360	23725625	-0.02851996	-0.022518137
3	118502708	54761306	0.008695892	0.017175191
3	118502708	16007391	-0.0257734	-0.020493316
3	135151360	24856436	0.006025503	0.039441524
3	135151360	118502708	0.036623266	0.046140335
3	135151360	54761306	0.033773563	0.048038824
3	135151360	16007391	0.056155869	0.071202482
3	46700756	23725625	-0.012903254	0.005902728
3	46700756	54761306	0.025625624	0.068700017
3	46700756	24856436	0.052029978	0.111370015
3	46700756	118502708	-0.024316954	-0.005233884
3	46700756	135151360	-0.021688749	-0.004413468
3	46700756	104842	0.00276166	0.059165988
3	104842	23725625	0.096639085	0.10621882
3	31703	135151360	0.049992451	0.060170647
3	90132565	23725625	-0.066116996	-0.058375113
3	104842	118502708	0.120094324	0.137091022
3	3082962	23725625	-0.004179718	0.004060273
3	135151360	24856436	0.00393247	0.038877561
3	135151360	118502708	0.068791659	0.076464071
3	135151360	54761306	0.084968225	0.095205404
3	135151360	16007391	0.074115605	0.088063602
3	46700756	23725625	-0.047096469	-0.022686912
3	46700756	54761306	0.079133136	0.114048929
3	46700756	24856436	0.022332162	0.08133771
3	46700756	118502708	-0.020424856	0.007125503
3	46700756	135151360	-0.017070062	0.005395568
3	46700756	104842	0.00268722	0.057608982
3	104842	23725625	0.054792583	0.080018581
3	31703	135151360	0.013838463	0.028998105
3	90132565	23725625	-0.035283446	-0.028377082
3	104842	118502708	0.127812846	0.145774772
3	3082962	23725625	-0.033896798	-0.020106775
3	135151360	24856436	0.003464879	0.028456742
3	135151360	118502708	0.037990224	0.049065436
3	135151360	54761306	0.04848723	0.061187757
3	135151360	16007391	0.07861044	0.089095508
3	46700756	23725625	-0.049854847	-0.038470346
3	46700756	54761306	0.021983684	0.062057403
3	46700756	24856436	0.062608439	0.114972164
3	46700756	118502708	-0.020586649	0.008156932
3	46700756	135151360	-0.01113995	0.008403821
3	46700756	104842	-0.017483139	0.041602171
3	104842	23725625	0.095566826	0.111580342
3	31703	135151360	0.047299586	0.066055461
3	90132565	23725625	-0.025317321	-0.018880098
3	104842	118502708	0.102131291	0.116482312
3	3082962	23725625	-0.01025846	0.001432233
3	131634760	24856436	-0.053822911	-0.012101685
3	131634760	118502708	-0.001109672	0.015433874
3	131634760	54761306	0.005160516	0.036935952
3	131634760	16007391	0.020076004	0.043823762
3	131634760	135151360	-0.03930586	-0.015660858
3	131634760	25227436	-0.011401099	0.00550464
3	131634760	52913813	-0.027967661	-0.010173242
3	131634760	10127622	-0.044483335	-0.023210446
3	131634760	49846579	-0.052712574	-0.037410246
3	86661883	54761306	0.013478013	0.04450266
3	86661883	24856436	0.042333159	0.072944946
3	86661883	118502708	-0.008270484	0.006470076
3	86661883	25227436	-0.032621086	-0.018639343
3	86661883	16007391	0.102667291	0.118819308
3	86661883	135151360	-0.020919567	-0.008676763
3	131634760	24856436	-0.025010864	0.01414259
3	131634760	118502708	-0.031342921	-0.013175676
3	131634760	54761306	-0.026993452	0.010430933
3	131634760	16007391	0.022502911	0.043428316
3	131634760	135151360	-0.006602027	0.008350867
3	131634760	25227436	-0.011190018	0.00849519
3	131634760	52913813	-0.051784431	-0.031214703
3	131634760	10127622	-0.00095286	0.024010915
3	131634760	49846579	-0.041316883	-0.029402729
3	86661883	54761306	0.016399201	0.043068445
3	86661883	24856436	0.027351737	0.062175218
3	86661883	118502708	-0.013368446	0.002607975
3	86661883	25227436	-0.02668316	-0.010768451
3	86661883	16007391	0.095806513	0.113623944
3	86661883	135151360	-0.031849786	-0.01686595
3	86661883	10127622	0.010110349	0.079357942
3	86661883	52913813	-0.032809429	-0.00587816
3	49846579	54761306	-0.022089709	0.007280615
3	49846579	24856436	-0.076705215	-0.055779753
3	49846579	16007391	-0.024323546	-0.002915741
3	49846579	118502708	0.011330267	0.032419226
3	49846579	135151360	-0.045661985	-0.020901649
3	49846579	25227436	-0.066631363	-0.045522854
3	49846579	52913813	-0.038910858	-0.026839423
3	11707110	51001932	0.03655758	0.083683351
3	49846579	24771867	-0.057635109	-0.035968674
3	49846579	10127622	-0.055682117	-0.038752517
3	46700756	104842	0.074769253	0.152579876
3	86661883	10127622	0.022654054	0.093886171
3	86661883	52913813	-0.063054048	-0.031051692
3	49846579	54761306	-0.038200935	-0.00867486
3	49846579	24856436	-0.052368594	-0.031271108
3	49846579	16007391	-0.022732266	-0.001307671
3	49846579	118502708	0.009946079	0.031627381
3	49846579	135151360	-0.031506582	-0.012102805
3	49846579	25227436	-0.047522863	-0.029859219
3	49846579	52913813	-0.040088339	-0.027844534
3	11707110	51001932	0.024734431	0.077838626
3	49846579	24771867	-0.03482101	-0.014366701
3	49846579	10127622	-0.007856333	0.010172363
3	46700756	104842	0.087451585	0.162553522
3	131634760	24856436	-0.028188135	0.02053302
3	131634760	118502708	0.041899331	0.058095755
3	131634760	54761306	0.011783769	0.034678102
3	131634760	16007391	-0.00430076	0.029078173
3	131634760	135151360	-0.046773004	-0.019508035
3	131634760	25227436	-0.028432821	-0.010607615
3	131634760	52913813	0.006787177	0.026712998
3	131634760	10127622	-0.005538227	0.019770515
3	131634760	49846579	-0.057677194	-0.027982971
3	86661883	54761306	-0.039144634	0.007732562
3	86661883	24856436	0.025752377	0.050323779
3	86661883	118502708	-0.031581521	-0.017598351
3	86661883	25227436	-0.04916197	-0.034769143
3	86661883	16007391	0.094044614	0.109671884
3	86661883	135151360	-0.037741971	-0.023371312
3	131634760	24856436	-0.010228117	0.035285469
3	131634760	118502708	0.025425134	0.040724227
3	131634760	54761306	0.040410225	0.058422595
3	131634760	16007391	0.048589534	0.065522332
3	131634760	135151360	-0.047653953	-0.029355478
3	131634760	25227436	0.00421696	0.01890168
3	131634760	52913813	-0.053001536	-0.022029456
3	131634760	10127622	-0.038311595	0.008530465
3	131634760	49846579	-0.034935381	-0.009472953
3	86661883	54761306	-0.091830583	-0.036150309
3	86661883	24856436	0.02336079	0.053668705
3	86661883	118502708	-0.027423449	-0.009160862
3	86661883	25227436	-0.041994068	-0.026834149
3	86661883	16007391	0.103455224	0.120519381
3	86661883	135151360	-0.024751258	-0.011238054
3	86661883	10127622	0.054373653	0.126248373
3	86661883	52913813	-0.066024217	-0.04725033
3	49846579	54761306	-0.02975433	-0.006307239
3	49846579	24856436	-0.05693909	-0.0357565
3	49846579	16007391	0.004758363	0.021645694
3	49846579	118502708	-0.021665076	-0.002474487
3	49846579	135151360	-0.063891916	-0.037603285
3	49846579	25227436	-0.042442584	-0.025101717
3	49846579	52913813	-0.040774268	-0.028856563
3	11707110	51001932	0.047698604	0.096489025
3	49846579	24771867	-0.063267398	-0.044315187
3	49846579	10127622	-0.001088526	0.017515518
3	46700756	104842	0.076958025	0.155741021
3	86661883	10127622	0.045484416	0.122037157
3	86661883	52913813	-0.010495502	0.010550227
3	49846579	54761306	-0.016914165	0.008764627
3	49846579	24856436	-0.108843483	-0.088519084
3	49846579	16007391	0.018497227	0.042792395
3	49846579	118502708	-0.013490528	0.008745804
3	49846579	135151360	-0.001110019	0.019219021
3	49846579	25227436	-0.072386741	-0.048759961
3	49846579	52913813	-0.040806188	-0.028474863
3	11707110	51001932	0.026809469	0.08547298
3	49846579	24771867	-0.041059304	-0.021893365
3	49846579	10127622	-0.044232945	-0.026192417
3	46700756	104842	0.084208932	0.165668975
3	86661883	10127622	0.003535297	0.079839752
3	86661883	52913813	-0.044164393	-0.0154673
3	49846579	54761306	-0.045126359	-0.015190689
3	49846579	24856436	-0.081067863	-0.057207612
3	49846579	16007391	-0.050801104	-0.029538271
3	49846579	118502708	-0.024819456	-0.010517744
3	49846579	135151360	-0.053540749	-0.039132268
3	49846579	25227436	-0.054332037	-0.035677645
3	49846579	52913813	-0.047092552	-0.035109287
3	11707110	51001932	0.07309718	0.096154529
3	49846579	24771867	-0.037543108	-0.019715616
3	49846579	10127622	-0.037640095	-0.018807207
3	46700756	104842	0.108398309	0.185450004
3	131634760	24856436	0.089784602	0.132556199
3	131634760	118502708	0.020595638	0.044959254
3	131634760	54761306	0.029517812	0.047450744
3	131634760	16007391	0.047412798	0.085010305
3	131634760	135151360	-0.046301255	-0.028570639
3	131634760	25227436	-0.034281464	-0.021980202
3	131634760	52913813	-0.047901671	-0.027015251
3	131634760	10127622	0.002028096	0.030510452
3	131634760	49846579	-0.034444201	-0.017107794
3	86661883	54761306	-0.025542434	0.012028947
3	86661883	24856436	0.038873026	0.062157099
3	86661883	118502708	-0.031784838	-0.006234494
3	86661883	25227436	-0.033985524	-0.022123855
3	86661883	16007391	0.062478034	0.083313832
3	86661883	135151360	-0.048205535	-0.032666011
3	86661883	10127622	0.006649965	0.074392186
3	86661883	52913813	-0.021442886	0.021263269
3	49846579	54761306	-0.020086396	0.010061748
3	49846579	24856436	-0.05944306	-0.038873574
3	49846579	16007391	-0.011534282	0.01031486
3	49846579	118502708	0.000580529	0.016410741
3	49846579	135151360	-0.069827629	-0.051561418
3	49846579	25227436	-0.069417997	-0.053980789
3	49846579	52913813	-0.061748401	-0.046694812
3	11707110	51001932	0.050650947	0.087425276
3	49846579	24771867	0.008508471	0.026754406
3	49846579	10127622	-0.026457364	-0.008378795
3	46700756	104842	0.074852612	0.157181763
3	86661883	10127622	-0.056046074	0.021231637
3	86661883	52913813	-0.084037314	-0.041396383
3	49846579	54761306	-0.036512656	-0.011806342
3	49846579	24856436	-0.052953257	-0.029734801
3	49846579	16007391	-0.02683071	-0.005582634
3	49846579	118502708	-0.003900716	0.010733818
3	49846579	135151360	-0.045557114	-0.032490047
3	49846579	25227436	-0.054774141	-0.042392186
3	49846579	52913813	-0.036058451	-0.023464558
3	11707110	51001932	0.051520621	0.091026656
3	49846579	24771867	0.004336163	0.022109485
3	49846579	10127622	-0.028777025	-0.011061586
3	46700756	104842	0.040414792	0.125662768
3	86661883	10127622	-0.056018758	0.014617
3	86661883	52913813	-0.030756238	0.011606424
3	49846579	54761306	-0.02279998	-0.001701107
3	49846579	24856436	-0.053572637	-0.024198803
3	49846579	16007391	-0.029990752	-0.004889152
3	49846579	118502708	-0.022045793	-0.006172585
3	49846579	135151360	-0.060987865	-0.046926395
3	49846579	25227436	-0.050205817	-0.037904461
3	49846579	52913813	-0.065078355	-0.048290433
3	11707110	51001932	0.05274426	0.084054823
3	49846579	24771867	0.019963505	0.038710163
3	49846579	10127622	-0.029370918	-0.007793392
3	46700756	104842	0.079991202	0.163209908
3	131634760	24856436	-0.001828667	0.038683492
3	131634760	118502708	0.025442692	0.043133906
3	131634760	54761306	0.026281452	0.04542701
3	131634760	16007391	0.022788108	0.052179075
3	131634760	135151360	-0.035042139	-0.013676048
3	131634760	25227436	-0.015823946	-0.001154229
3	131634760	52913813	-0.031635246	-0.009615971
3	131634760	10127622	0.005430103	0.028303871
3	131634760	49846579	-0.027515466	-0.009549061
3	86661883	54761306	-0.042617589	0.005727022
3	86661883	24856436	0.009651713	0.031224162
3	86661883	118502708	-0.028288455	-0.014013856
3	86661883	25227436	-0.067669119	-0.049458876
3	86661883	16007391	0.068807263	0.084388276
3	86661883	135151360	-0.041137601	-0.028336522
3	131634760	24856436	-0.008750201	0.036340504
3	131634760	118502708	0.009752005	0.028347352
3	131634760	54761306	0.007908909	0.030773456
3	131634760	16007391	0.075971058	0.100127286
3	131634760	135151360	-0.013904556	0.005048467
3	131634760	25227436	-0.034060002	-0.017917834
3	131634760	52913813	-0.053998526	-0.029719561
3	131634760	10127622	-0.040699633	-0.018085132
3	131634760	49846579	-0.033014359	-0.017851078
3	86661883	54761306	-0.012452712	0.025047548
3	86661883	24856436	0.021858503	0.042921439
3	86661883	118502708	-0.032475406	-0.017351894
3	86661883	25227436	-0.050512329	-0.036789009
3	86661883	16007391	0.050785909	0.068610891
3	86661883	135151360	-0.02990135	-0.017990949
3	86661883	10127622	0.061697167	0.137405554
3	86661883	52913813	-0.008595511	0.022498103
3	49846579	54761306	-0.027523173	0.005494487
3	49846579	24856436	-0.035016544	-0.012359239
3	49846579	16007391	-0.039119669	-0.013404944
3	49846579	118502708	-0.001272268	0.015530686
3	49846579	135151360	-0.044413234	-0.018565912
3	49846579	25227436	-0.051086496	-0.030471176
3	49846579	52913813	-0.067517169	-0.05272292
3	11707110	51001932	0.024940181	0.062683668
3	49846579	24771867	-0.04537972	-0.026452593
3	49846579	10127622	-0.071900287	-0.054087864
3	46700756	104842	0.076093124	0.153849174
3	86661883	10127622	-0.020901028	0.052421642
3	86661883	52913813	-0.050024491	-0.009020203
3	49846579	54761306	-0.067841992	-0.046281791
3	49846579	24856436	-0.045246928	-0.021727724
3	49846579	16007391	-0.059870562	-0.036729162
3	49846579	118502708	-0.060250356	-0.044797342
3	49846579	135151360	-0.045193546	-0.032550398
3	49846579	25227436	-0.036377806	-0.021405977
3	49846579	52913813	-0.053155255	-0.038091652
3	11707110	51001932	0.069552962	0.091726212
3	49846579	24771867	-0.049122334	-0.030370093
3	49846579	10127622	-0.069038794	-0.050561032
3	46700756	104842	0.095658808	0.168509546
3	86661883	10127622	0.002586768	0.07679498
3	86661883	52913813	0.011354261	0.048754913
3	49846579	54761306	-0.055172648	-0.03014588
3	49846579	24856436	-0.041568995	-0.019964911
3	49846579	16007391	-0.034071015	-0.013557018
3	49846579	118502708	-0.027786003	-0.015375942
3	49846579	135151360	-0.0374025	-0.024226935
3	49846579	25227436	-0.046441446	-0.031482841
3	49846579	52913813	-0.052834658	-0.039627878
3	11707110	51001932	0.137210281	0.161171356
3	49846579	24771867	-0.050431426	-0.03186067
3	49846579	10127622	-0.020871448	-0.001627926
3	46700756	104842	0.102172535	0.169878147
3	86661883	10127622	0.031980441	0.109226469
3	86661883	52913813	-0.011452956	0.017242077
3	49846579	54761306	-0.065707974	-0.032211898
3	49846579	24856436	-0.020508611	0.000696181
3	49846579	16007391	-0.02518363	-0.003727196
3	49846579	118502708	-0.055664008	-0.032666684
3	49846579	135151360	-0.057939214	-0.033935624
3	49846579	25227436	-0.064063282	-0.045745692
3	49846579	52913813	-0.04935778	-0.037067754
3	11707110	51001932	0.072551682	0.110339678
3	49846579	24771867	-0.015494928	0.003933252
3	49846579	10127622	-0.041365234	-0.023868269
3	46700756	104842	0.067699602	0.151820354
3	86661883	10127622	0.035281886	0.113270718
3	86661883	52913813	-0.034778166	0.008657125
3	49846579	54761306	-0.040917295	-0.012064336
3	49846579	24856436	-0.093308652	-0.072553557
3	49846579	16007391	-0.017993999	-0.000555755
3	49846579	118502708	-0.009810936	0.005466984
3	49846579	135151360	-0.041375958	-0.024625202
3	49846579	25227436	-0.046696978	-0.033004506
3	49846579	52913813	-0.050975227	-0.038756554
3	11707110	51001932	0.010735562	0.056679857
3	49846579	24771867	-0.028033724	-0.008267647
3	49846579	10127622	-0.069806425	-0.052289516
3	46700756	104842	0.06895947	0.156213749
3	86661883	10127622	0.029722014	0.10793026
3	86661883	52913813	-0.008053924	0.017750968
3	49846579	54761306	-0.038280175	-0.012558544
3	49846579	24856436	-0.052857365	-0.031583858
3	49846579	16007391	-0.013546938	0.007137783
3	49846579	118502708	-0.048497981	-0.02854157
3	49846579	135151360	-0.059371125	-0.037251084
3	49846579	25227436	-0.05380083	-0.037657766
3	49846579	52913813	-0.045959788	-0.033573219
3	11707110	51001932	0.053332246	0.100297235
3	49846579	24771867	-0.041822209	-0.022075449
3	49846579	10127622	-0.046594119	-0.029170555
3	46700756	104842	0.080649691	0.165924369
3	131634760	24856436	0.002946434	0.040306799
3	131634760	118502708	0.049930451	0.069202271
3	131634760	54761306	0.016550151	0.040619954
3	131634760	16007391	0.072645046	0.10362903
3	131634760	135151360	-0.053152712	-0.032633918
3	131634760	25227436	-0.025765395	-0.013248407
3	131634760	52913813	-0.036358132	-0.019121565
3	131634760	10127622	0.009193366	0.036752295
3	131634760	49846579	-0.0542632	-0.032684681
3	86661883	54761306	0.001873401	0.034692436
3	86661883	24856436	0.02606209	0.047082171
3	86661883	118502708	-0.024339245	-0.006197362
3	86661883	25227436	-0.044897127	-0.031678502
3	86661883	16007391	0.110153782	0.123495251
3	86661883	135151360	-0.03941155	-0.024124321
3	131634760	24856436	-0.045954944	0.010515862
3	131634760	118502708	0.041019644	0.065678063
3	131634760	54761306	-0.005464083	0.015200489
3	131634760	16007391	0.075858663	0.108136183
3	131634760	135151360	-0.056641702	-0.036878001
3	131634760	25227436	-0.039927714	-0.027579137
3	131634760	52913813	-0.026667559	-0.010614245
3	131634760	10127622	0.072752789	0.107919447
3	131634760	49846579	-0.068901829	-0.050164822
3	86661883	54761306	-0.019770615	0.013929567
3	86661883	24856436	-0.01650415	0.00460583
3	86661883	118502708	-0.020666282	-0.005730304
3	86661883	25227436	-0.05257872	-0.039533835
3	86661883	16007391	0.090168993	0.105164107
3	86661883	135151360	-0.037445824	-0.0239822
3	131634760	24856436	-0.027113031	0.018541354
3	131634760	118502708	0.038250981	0.066612281
3	131634760	54761306	0.036300565	0.063081353
3	131634760	16007391	0.055702603	0.088328068
3	131634760	135151360	-0.071088636	-0.04606712
3	131634760	25227436	-0.031941733	-0.017540869
3	131634760	52913813	-0.026648359	-0.011432916
3	131634760	10127622	-0.054320043	-0.026597304
3	131634760	49846579	-0.041637687	-0.027851626
3	86661883	54761306	-0.006616949	0.029449985
3	86661883	24856436	0.040479886	0.061460499
3	86661883	118502708	-0.016462623	-0.000690955
3	86661883	25227436	-0.058231155	-0.043247415
3	86661883	16007391	0.113319278	0.125508736
3	86661883	135151360	-0.025211895	-0.011040812
3	86661883	10127622	0.034397365	0.090360396
3	86661883	52913813	-0.053267018	-0.011678906
3	49846579	54761306	-0.023699538	0.005538527
3	49846579	24856436	-0.140090809	-0.097882857
3	49846579	16007391	0.014882472	0.03056804
3	49846579	118502708	-0.036961757	-0.024234722
3	49846579	135151360	-0.049836964	-0.035530686
3	49846579	25227436	-0.029622428	-0.016905263
3	49846579	52913813	-0.038031792	-0.02334793
3	11707110	51001932	0.066987734	0.109321587
3	49846579	24771867	-0.033506886	-0.012333681
3	49846579	10127622	-0.06283177	-0.043735852
3	46700756	104842	0.064088498	0.145326082
3	86661883	10127622	0.051557024	0.108610056
3	86661883	52913813	-0.010810258	0.020984216
3	49846579	54761306	-0.090673593	-0.050287036
3	49846579	24856436	-0.068905312	-0.0438377
3	49846579	16007391	-0.048254667	-0.025434228
3	49846579	118502708	-0.041611262	-0.028007615
3	49846579	135151360	-0.03364303	-0.0211977
3	49846579	25227436	-0.065214824	-0.047693061
3	49846579	52913813	-0.037666078	-0.025782763
3	11707110	51001932	0.064603359	0.09000404
3	49846579	24771867	-0.032211143	-0.00679012
3	49846579	10127622	-0.021548212	-0.001858196
3	46700756	104842	0.065243037	0.143255577
3	86661883	10127622	0.035218529	0.094337438
3	86661883	52913813	-0.01293833	0.02481882
3	49846579	54761306	-0.029236718	0.007031191
3	49846579	24856436	-0.04069069	-0.019199617
3	49846579	16007391	-0.028020488	-0.007689077
3	49846579	118502708	-0.017592934	-0.003668042
3	49846579	135151360	-0.054606108	-0.037588219
3	49846579	25227436	-0.045058157	-0.026303814
3	49846579	52913813	-0.052648878	-0.040287259
3	11707110	51001932	0.061504119	0.098458661
3	49846579	24771867	-0.00699015	0.01402716
3	49846579	10127622	-0.08809597	-0.07062976
3	46700756	104842	0.039601893	0.119461963
3	131634760	24856436	-0.038590396	0.015493133
3	131634760	118502708	0.04351092	0.08008142
3	131634760	54761306	0.057215242	0.077309531
3	131634760	16007391	0.117706622	0.148838215
3	131634760	135151360	-0.055654246	-0.019145791
3	131634760	25227436	-0.024338772	-0.006879865
3	131634760	52913813	-0.044606668	-0.017096861
3	131634760	10127622	0.004029417	0.028025993
3	131634760	49846579	-0.00012842	0.015365673
3	86661883	54761306	-0.024209887	0.017516599
3	86661883	24856436	0.034359779	0.058489411
3	86661883	118502708	-0.047710508	-0.028154915
3	86661883	25227436	-0.043461021	-0.027481204
3	86661883	16007391	0.083989878	0.101157984
3	86661883	135151360	-0.010712287	0.002404155
3	131634760	24856436	-0.003082498	0.049233282
3	131634760	118502708	0.055762575	0.085371241
3	131634760	54761306	0.003159404	0.023614583
3	131634760	16007391	0.101599646	0.130931712
3	131634760	135151360	-0.019164584	0.000446061
3	131634760	25227436	-0.01147113	0.002991338
3	131634760	52913813	0.010041922	0.027085131
3	131634760	10127622	-0.018355027	0.01592835
3	131634760	49846579	-0.008218601	0.015062713
3	86661883	54761306	-0.048214517	0.002975983
3	86661883	24856436	0.020078287	0.041547154
3	86661883	118502708	-0.029692305	-0.009086123
3	86661883	25227436	-0.101461056	-0.077318074
3	86661883	16007391	0.102659397	0.118117722
3	86661883	135151360	-0.01720535	-0.004522129
3	131634760	24856436	-0.043158447	0.010631785
3	131634760	118502708	0.088637554	0.107787222
3	131634760	54761306	0.039787797	0.063478673
3	131634760	16007391	0.086256571	0.113307838
3	131634760	135151360	-0.035832941	-0.014039038
3	131634760	25227436	-0.033230712	-0.016546198
3	131634760	52913813	-0.042981648	-0.018841536
3	131634760	10127622	0.012055149	0.049775354
3	131634760	49846579	-0.046136933	-0.023305408
3	86661883	54761306	-0.006779872	0.028288199
3	86661883	24856436	0.004375015	0.033023522
3	86661883	118502708	-0.035072842	-0.017194162
3	86661883	25227436	-0.052904246	-0.03835097
3	86661883	16007391	0.066009905	0.086863937
3	86661883	135151360	-0.042967863	-0.028600084
3	86661883	10127622	-0.020346963	0.061406177
3	86661883	52913813	-0.014136417	0.030212478
3	49846579	54761306	-0.042543991	-0.014238945
3	49846579	24856436	-0.043941278	-0.02288351
3	49846579	16007391	0.02921153	0.044859499
3	49846579	118502708	-0.014194442	0.004504616
3	49846579	135151360	-0.032930392	-0.012465475
3	49846579	25227436	-0.019275738	0.001185173
3	49846579	52913813	-0.050526485	-0.038546448
3	11707110	51001932	0.076565968	0.12449856
3	49846579	24771867	-0.024467664	-0.00325685
3	49846579	10127622	-0.05699392	-0.039313666
3	46700756	104842	0.104999513	0.182729747
3	131634760	24856436	-0.028573482	0.004537671
3	131634760	118502708	0.057116787	0.089377344
3	131634760	54761306	0.026818136	0.045189171
3	131634760	16007391	0.085469918	0.12326007
3	131634760	135151360	-0.032418515	-0.0021977
3	131634760	25227436	-0.034406371	-0.021842314
3	131634760	52913813	0.016121533	0.029384365
3	131634760	10127622	-0.002146083	0.036214345
3	131634760	49846579	-0.067068393	-0.033704979
3	86661883	54761306	0.009796602	0.045632644
3	86661883	24856436	-0.016958704	0.004142321
3	86661883	118502708	-0.062414974	-0.045209123
3	86661883	25227436	-0.048708458	-0.032720116
3	86661883	16007391	0.070779683	0.087640623
3	86661883	135151360	-0.056744308	-0.041340228
3	131634760	24856436	-0.047461662	-0.024819515
3	131634760	118502708	0.073651478	0.098818751
3	131634760	54761306	-0.005543057	0.012766259
3	131634760	16007391	0.05994348	0.096443469
3	131634760	135151360	-0.062227581	-0.024182987
3	131634760	25227436	-0.046257555	-0.034404378
3	131634760	52913813	0.003491006	0.017794172
3	131634760	10127622	0.018724698	0.047991256
3	131634760	49846579	-0.038981653	-0.010172424
3	86661883	54761306	-0.017754365	0.029066068
3	86661883	24856436	-0.001708283	0.019264492
3	86661883	118502708	-0.056532483	-0.035346738
3	86661883	25227436	-0.014655107	-0.001085828
3	86661883	16007391	0.046745836	0.063261962
3	86661883	135151360	-0.034288219	-0.019391342
3	86661883	10127622	0.065102493	0.116074648
3	86661883	52913813	0.014542888	0.051950037
3	49846579	54761306	-0.020613574	0.000962726
3	49846579	24856436	-0.059656068	-0.038493318
3	49846579	16007391	-0.015746468	0.003221441
3	49846579	118502708	-0.002125619	0.019448803
3	49846579	135151360	-0.042159632	-0.017449596
3	49846579	25227436	-0.0692066	-0.047142878
3	49846579	52913813	-0.05384088	-0.041938815
3	11707110	51001932	0.065718711	0.120073414
3	49846579	24771867	-0.012253347	0.008914697
3	49846579	10127622	-0.010689032	0.00727245
3	46700756	104842	0.018326087	0.101126802
3	86661883	10127622	0.117516075	0.169921793
3	86661883	52913813	-0.000133216	0.030381748
3	49846579	54761306	-0.040871095	-0.01040635
3	49846579	24856436	-0.034182198	-0.013185965
3	49846579	16007391	-0.035188744	-0.013470544
3	49846579	118502708	0.022669929	0.040895386
3	49846579	135151360	-0.028374521	-0.00973328
3	49846579	25227436	-0.029893317	-0.013477063
3	49846579	52913813	-0.056475306	-0.044160037
3	11707110	51001932	0.047042793	0.111303286
3	49846579	24771867	-0.040295905	-0.016275653
3	49846579	10127622	-0.027301451	-0.009529064
3	46700756	104842	0.05031072	0.136171128
3	86661883	10127622	0.081998276	0.138707759
3	86661883	52913813	-0.004894753	0.035533641
3	49846579	54761306	-0.022629997	0.009050324
3	49846579	24856436	-0.065342075	-0.044193253
3	49846579	16007391	0.022778123	0.039014297
3	49846579	118502708	0.025061255	0.044084044
3	49846579	135151360	0.026241345	0.038911815
3	49846579	25227436	-0.0536108	-0.035049367
3	49846579	52913813	-0.054478529	-0.042625352
3	11707110	51001932	0.041471092	0.09803919
3	49846579	24771867	-0.007725038	0.011525146
3	49846579	10127622	-0.060499225	-0.042992214
3	46700756	104842	0.05987865	0.144394898
3	131634760	24856436	-0.027200233	0.012164599
3	131634760	118502708	0.004570894	0.02841756
3	131634760	54761306	0.021677861	0.040474191
3	131634760	16007391	0.040384017	0.082931184
3	131634760	135151360	-0.027708754	-0.008822487
3	131634760	25227436	-0.042966381	-0.031091245
3	131634760	52913813	-0.001270813	0.01459095
3	131634760	10127622	-0.021536241	0.006584377
3	131634760	49846579	-0.027627076	-0.006890557
3	86661883	54761306	0.005385298	0.044653562
3	86661883	24856436	-0.005683053	0.015446233
3	86661883	118502708	0.034359093	0.052465605
3	86661883	25227436	-0.071165303	-0.051598888
3	86661883	16007391	0.092069412	0.110386095
3	86661883	135151360	-0.020957622	-0.00551191
3	131634760	24856436	-0.036717686	0.012052122
3	131634760	118502708	0.030659308	0.050067564
3	131634760	54761306	-0.001018908	0.01797975
3	131634760	16007391	0.058341203	0.090089773
3	131634760	135151360	-0.044808848	-0.025048576
3	131634760	25227436	-0.042060424	-0.028760691
3	131634760	52913813	-0.008815315	0.008159969
3	131634760	10127622	0.00405672	0.033900121
3	131634760	49846579	0.001387132	0.018802478
3	86661883	54761306	0.001717832	0.035952884
3	86661883	24856436	-0.005117221	0.017177662
3	86661883	118502708	-0.066215633	-0.031257398
3	86661883	25227436	-0.05283405	-0.035846764
3	86661883	16007391	0.104877508	0.120079397
3	86661883	135151360	-0.023246347	-0.007143715
3	131634760	24856436	0.023036941	0.052133176
3	131634760	118502708	0.001516775	0.030992962
3	131634760	54761306	0.022587548	0.040979945
3	131634760	16007391	0.071038169	0.100630701
3	131634760	135151360	-0.031728616	-0.010065988
3	131634760	25227436	-0.033120494	-0.021035976
3	131634760	52913813	-0.046880643	-0.024649036
3	131634760	10127622	0.015216648	0.046362929
3	131634760	49846579	0.006610145	0.021851353
3	86661883	54761306	-0.017850605	0.026609344
3	86661883	24856436	0.005600684	0.026596752
3	86661883	118502708	0.036967664	0.053607269
3	86661883	25227436	-0.059444079	-0.041862694
3	86661883	16007391	0.125447046	0.140238513
3	86661883	135151360	-0.024498177	-0.007627714
3	118693659	24856436	-0.0341888504102605	0.0558304086000423
3	118693659	131634760	-0.0256257940034611	0.0054440204795891
3	118693659	54761306	0.067442976903414	0.132355693637687
3	118693659	16007391	0.0127865777118117	0.0591950399359247
3	118693659	49846579	-0.0652539911756902	-0.0351276886497245
3	118693659	86661883	0.0695240333075689	0.111930894964094
3	118693659	10127622	-0.018847605732767	0.0819511863545139
3	68289010	131634760	-0.0567980323853644	-0.0314134824702267
3	68289010	86661883	-0.0592020904985897	-0.0275804513066337
3	68289010	49846579	-0.0907318933019321	-0.0653587024892085
3	10127622	54761306	0.103617738774312	0.147616778282866
3	10127622	16007391	0.0714806997324832	0.110336328255252
3	123631	126689157	-0.0772018233392714	-0.0556824363759696
3	10127622	24856436	-0.0436312692141769	0.0622411021904278
3	10127622	126689157	-0.0088449875309651	0.0201436378018475
3	118693659	24856436	-0.058678509786277	0.0316057321123886
3	118693659	131634760	-0.076813225307799	-0.0479365382468132
3	118693659	54761306	0.0682559024994534	0.130457807240393
3	118693659	16007391	0.007490734048733	0.0571663053154625
3	118693659	49846579	-0.088059768675503	-0.0581402806489068
3	118693659	86661883	0.117564609840111	0.150049403741723
3	118693659	10127622	-0.0247164948127828	0.0812624693034968
3	68289010	131634760	-0.0770941678852162	-0.0393591319834384
3	68289010	86661883	-0.0941551420331815	-0.0579212747191818
3	68289010	49846579	-0.0788758817268474	-0.0564494142755294
3	10127622	54761306	0.0657987041026307	0.141612693628823
3	10127622	16007391	0.0613481757948795	0.114757688847445
3	123631	126689157	-0.0758403486203157	-0.0546033328714474
3	10127622	24856436	-0.0395345708990182	0.056670826224306
3	10127622	126689157	0.0039899087590312	0.0336896276122586
3	118693659	24856436	-0.0514743122263365	0.048076617357586
3	118693659	131634760	-0.0376808205558906	-0.0028783164953932
3	118693659	54761306	0.0544862399716062	0.118342310857043
3	118693659	16007391	-0.0271225474413981	0.0339636203094895
3	118693659	49846579	-0.113959322804577	-0.0844310844349496
3	118693659	86661883	0.0523611324475181	0.094205619038941
3	118693659	10127622	-0.0278595687969156	0.0751889990102797
3	68289010	131634760	-0.068282571071727	-0.0400981428243346
3	68289010	86661883	-0.0687742059308606	-0.0349572541052911
3	68289010	49846579	-0.0774773490092758	-0.0555782157470195
3	10127622	54761306	0.087556575583627	0.147335643818971
3	10127622	16007391	0.0726495823148516	0.108914683835675
3	123631	126689157	-0.0757543477567161	-0.0545344509777004
3	10127622	24856436	-0.0198238931702291	0.069320669350327
3	10127622	126689157	-0.0081428592569495	0.0227070130823859
3	25227436	16007391	-0.0223260078452959	0.0137962797649191
3	25227436	54761306	0.0074969305135813	0.0564991142461595
3	25227436	126689157	-0.0640079085718822	-0.0404303821727689
3	25227436	118693659	0.0047525564894495	0.0548885861905186
3	25227436	5330286	-0.0099082854512346	0.0861807687149224
3	25227436	10127622	-0.0072471105162818	0.0305263891464301
3	5330286	131634760	-0.0242753480306288	0.0162334694104379
3	5330286	86661883	-0.0375684872580581	0.0071690407861348
3	5330286	49846579	0.0058243597805744	0.0332557972175736
3	208908	11626560	-0.0583750078994974	-0.027043118143788
3	3062316	11707110	-0.0628009535012964	-0.0398592988237476
3	5330286	10127622	0.0139824275042405	0.0953512435957073
3	118693659	24856436	-0.130598075886256	-0.0181407052703866
3	118693659	131634760	-0.0693247027010933	-0.0264600636886643
3	118693659	54761306	-0.0662875747854092	0.0357259752232558
3	118693659	16007391	-0.0345315676723454	0.0468953801266478
3	118693659	49846579	-0.0472285222987573	-0.0153397612731698
3	118693659	86661883	-0.045272693642711	0.0148694865262143
3	118693659	10127622	-0.0535883296317036	0.0596909494014423
3	68289010	131634760	-0.0706966051667434	-0.0483863981720079
3	68289010	86661883	-0.0599094301155339	-0.0351385727683198
3	68289010	49846579	-0.0770108803735213	-0.0534507398919843
3	10127622	54761306	-0.0133729104762149	0.0560900442234873
3	10127622	16007391	0.0729404721146189	0.103908586926032
3	123631	126689157	-0.0831656771138017	-0.0592297658998792
3	10127622	24856436	-0.0516166373483208	0.0278267015334462
3	10127622	126689157	-0.0457449113939923	-0.0231158015582638
3	118693659	24856436	-0.0926374331951879	0.0160102847855045
3	118693659	131634760	-0.0347550319812618	0.0046556047461123
3	118693659	54761306	-0.003483406408138	0.0850620561456108
3	118693659	16007391	-0.0095047850529969	0.0629655396644686
3	118693659	49846579	-0.0922578203718176	-0.0568324277646771
3	118693659	86661883	0.0168768824771256	0.0797528922665865
3	118693659	10127622	-0.0213442071309999	0.0868049400387722
3	68289010	131634760	-0.0537306882707046	-0.0300111932141298
3	68289010	86661883	-0.0542944002264302	-0.0268263008750959
3	68289010	49846579	-0.079466830360858	-0.054162449790213
3	10127622	54761306	0.0304574547505753	0.0979615088506016
3	10127622	16007391	0.0759441236598489	0.108692922750803
3	123631	126689157	-0.07623482517034	-0.0546636339891306
3	10127622	24856436	-0.101533364602011	-0.026743110502891
3	10127622	126689157	-0.012467173239406	0.0119851671815622
3	118693659	24856436	-0.0222166708890439	0.0503989529253165
3	118693659	131634760	-0.0223894389700981	0.020177407351029
3	118693659	54761306	0.0670574315479656	0.133185277831059
3	118693659	16007391	0.0360044465542475	0.0734946820435317
3	118693659	49846579	-0.103297261189624	-0.0748566611301537
3	118693659	86661883	0.0463525625437803	0.088044100673951
3	118693659	10127622	-0.0473886311549851	0.0562427916132303
3	68289010	131634760	-0.106254919400005	-0.0633901015307286
3	68289010	86661883	-0.0981320243548813	-0.0461960733373713
3	68289010	49846579	-0.100381537659948	-0.0607551024284776
3	10127622	54761306	0.0819026032027519	0.14714279669753
3	10127622	16007391	0.0738027566618509	0.106441575629313
3	123631	126689157	-0.0750265738749374	-0.0531947771711146
3	10127622	24856436	0.000440316363996999	0.0913357060930524
3	10127622	126689157	-0.053485257186681	-0.0307050445829384
3	25227436	16007391	-0.0427345672561995	0.0187215047291292
3	25227436	54761306	-0.049174207370059	0.0293289501825902
3	25227436	126689157	-0.0858839152807546	-0.0514802889894193
3	25227436	118693659	0.000466236292262681	0.0354710890110799
3	25227436	5330286	-0.108396914205908	-0.0246563525189591
3	25227436	10127622	-0.03297575169675	0.0374169098059075
3	5330286	131634760	-0.036306897892607	0.0179949367036397
3	5330286	86661883	-0.0622212355663463	-0.0046253361002162
3	5330286	49846579	-0.0187140629499499	0.0119764670018858
3	208908	11626560	-0.130405738234818	-0.0401023877807992
3	3062316	11707110	-0.0170337702701211	0.0314269643810229
3	5330286	10127622	0.0516790329376587	0.137296048631897
3	208908	24964624	-0.0348951347435923	-0.0047891120030511
3	25227436	16007391	-0.0196430741285657	0.0378784987526095
3	25227436	54761306	-0.0602779920725725	0.0198122023960257
3	25227436	126689157	-0.0716182301284516	-0.0383535127389238
3	25227436	118693659	-0.0315364279421715	0.0044265258801563
3	25227436	5330286	-0.079671770263787	0.0025867665225309
3	25227436	10127622	-0.0147995198321952	0.0426659706400407
3	5330286	131634760	-0.0255432447503204	0.0252651338898416
3	5330286	86661883	-0.115348745878446	-0.0452940786227321
3	5330286	49846579	0.0073608293749389	0.0365585058800283
3	208908	11626560	-0.138348239514336	-0.0471258634240298
3	3062316	11707110	0.0011146657904956	0.0458057667879941
3	5330286	10127622	0.0207259591154198	0.107723915195899
3	208908	24964624	-0.0275361122452619	0.000714029169084245
3	25227436	16007391	-0.0214807751932447	0.0339436983543752
3	25227436	54761306	-0.0127942733156003	0.0559664287276364
3	25227436	126689157	-0.103319615300049	-0.0632518577433686
3	25227436	118693659	0.0081382498144526	0.0504490159285478
3	25227436	5330286	0.0089189639544076	0.0554653827591758
3	25227436	10127622	-0.0119933096478542	0.0339224700251008
3	5330286	131634760	-0.0176698968534285	0.0438334901348287
3	5330286	86661883	-0.0724906285453768	-0.0090991578038995
3	5330286	49846579	-0.0228830969553916	0.0071332231104259
3	208908	11626560	-0.112419842167212	-0.0367520714856263
3	3062316	11707110	-0.0254785209955389	0.005476102534325
3	5330286	10127622	0.0623550923580033	0.126887484967601
3	208908	24964624	-0.0301733439174912	-0.0011606820132185
3	118693659	24856436	-0.0569243868561897	0.0197238057261668
3	118693659	131634760	-0.0527915202767555	-0.0117536412626749
3	118693659	54761306	0.0400039145877184	0.0798705209654651
3	118693659	16007391	0.0219997965716852	0.0812192914335635
3	118693659	49846579	-0.0540029965062151	-0.0210136703928285
3	118693659	86661883	0.0336665431831686	0.0591303370275441
3	118693659	10127622	0.0077773953539753	0.0691920403788904
3	68289010	131634760	-0.0474175241640006	-0.01195760345724
3	68289010	86661883	-0.0507248263787133	-0.01898396750701
3	68289010	49846579	-0.105836852968968	-0.0624162292327733
3	10127622	54761306	0.0765587937184578	0.137888226714
3	10127622	16007391	0.0602061788111427	0.131288021408141
3	123631	126689157	-0.0673120886280792	-0.0343374978396274
3	10127622	24856436	-0.0194819218820506	0.0785702424161735
3	10127622	126689157	0.0335960082787233	0.0655122583465874
3	118693659	24856436	-0.081573116689431	0.0328100821793845
3	118693659	131634760	-0.0128189220547838	0.0402114078610854
3	118693659	54761306	0.0441557997643877	0.117769228358024
3	118693659	16007391	-0.0265999363536746	0.061837167577788
3	118693659	49846579	-0.0845744236594558	-0.036552507136342
3	118693659	86661883	0.0383469319000076	0.0734519862803788
3	118693659	10127622	0.0177227139267287	0.109966761214965
3	68289010	131634760	-0.0323049657486537	-0.0052047208681938
3	68289010	86661883	-0.0740279375428219	-0.0395870741879269
3	68289010	49846579	-0.0644416014158793	-0.0412420562493314
3	10127622	54761306	0.0862322834723859	0.157971102589362
3	10127622	16007391	0.104969974633806	0.155701808847134
3	123631	126689157	-0.0711607395696392	-0.049964527533019
3	10127622	24856436	-0.0119529692074753	0.0788264232749607
3	10127622	126689157	-0.0337252240927251	-0.009732733754351
3	118693659	24856436	-0.0906736982594622	0.0273603746309771
3	118693659	131634760	-0.108301548384942	-0.0457032429092697
3	118693659	54761306	0.0276344179940254	0.104606812843081
3	118693659	16007391	-0.0459777690604237	0.047315194733147
3	118693659	49846579	-0.112132697163032	-0.0546375797466833
3	118693659	86661883	0.019180222966216	0.0625568329808108
3	118693659	10127622	-0.0037159865917391	0.0867344743124197
3	68289010	131634760	-0.0574551738218627	-0.0271920212358816
3	68289010	86661883	-0.0685295286941017	-0.0404399242341942
3	68289010	49846579	-0.0679774919333564	-0.0465048998187907
3	10127622	54761306	0.0586988119452208	0.115970721166568
3	10127622	16007391	0.100027972385278	0.159128534353374
3	123631	126689157	-0.0712561195015369	-0.0497424841780268
3	10127622	24856436	0.0394851846963398	0.114885683044347
3	10127622	126689157	-0.0122302727152631	0.0124926555607859
3	118693659	24856436	-0.0552310258687847	0.051686472378323
3	118693659	131634760	-0.0699951506137668	-0.0103634165875691
3	118693659	54761306	0.020088014269804	0.0987718250516071
3	118693659	16007391	-0.0904004960637369	0.0117766896335312
3	118693659	49846579	-0.0362517017188326	0.0090828499647826
3	118693659	86661883	-0.003473148464348	0.0470463707189441
3	118693659	10127622	0.0102519098432009	0.0932294659469541
3	68289010	131634760	-0.0510490413945423	-0.0254370005288795
3	68289010	86661883	-0.057450511612378	-0.0336469896809379
3	68289010	49846579	-0.0720963230382468	-0.0503943925238058
3	10127622	54761306	0.0792358095517857	0.143233258022389
3	10127622	16007391	0.12017930913434	0.172011142273849
3	123631	126689157	-0.0681726276884623	-0.0468946549948547
3	10127622	24856436	0.0244191800429395	0.0984242445040866
3	10127622	126689157	0.0091838759559356	0.0340932566227883
3	25227436	16007391	-0.0875767147702148	-0.0154062904502019
3	25227436	54761306	-0.111967823787911	-0.0154446113922427
3	25227436	126689157	-0.0403414545609485	-0.0052286817777477
3	25227436	118693659	0.0162281867065784	0.045877982228387
3	25227436	5330286	-0.038795914754944	0.0049632211644862
3	25227436	10127622	0.0256615447494702	0.0682006404990199
3	5330286	131634760	-0.067616122623721	-0.0202752131220239
3	5330286	86661883	-0.0226877450762125	0.0153455302000554
3	5330286	49846579	-0.0541478449488279	-0.0250676941608631
3	208908	11626560	-0.0665941028728706	-0.007702339263438
3	3062316	11707110	0.0494792853420804	0.0794888511794524
3	5330286	10127622	0.0395080835345741	0.118421765021824
3	208908	24964624	-0.0270326179561869	-0.0011635174312741
3	25227436	16007391	-0.102083419715979	-0.0317542633032427
3	25227436	54761306	-0.0658273474488772	0.0113939481617749
3	25227436	126689157	-0.0545357304512522	-0.0260261531583941
3	25227436	118693659	0.007717618809145	0.0423541408142194
3	25227436	5330286	-0.0161908677178847	0.0440201647117343
3	25227436	10127622	0.0192083033703427	0.0711905062625759
3	5330286	131634760	-0.0377582417343946	-0.0015007234291202
3	5330286	86661883	-0.0702839346785753	-0.027057874279128
3	5330286	49846579	-0.0503709286884197	-0.0186830031622497
3	208908	11626560	-0.0746092423126777	-0.0346475078752636
3	3062316	11707110	0.0073629057385602	0.0302222759843877
3	5330286	10127622	0.0215963387141806	0.102322344167945
3	208908	24964624	-0.0256814126461185	-0.0021728901238235
3	25227436	16007391	-0.0457744865613483	0.0053687037590033
3	25227436	54761306	-0.0205849944178179	0.0526516253652328
3	25227436	126689157	-0.0528712460308569	-0.0264966162577485
3	25227436	118693659	-0.0046321625393368	0.0257355337356536
3	25227436	5330286	-0.0956570731792087	-0.0272313176445596
3	25227436	10127622	0.0186119183896598	0.0597153434635674
3	5330286	131634760	-0.0328299640251734	0.013102905676467
3	5330286	86661883	-0.0569355202580213	-0.0229085022529232
3	5330286	49846579	0.0067834995586366	0.0362282254135833
3	208908	11626560	-0.0784637634396569	-0.0211677867137288
3	3062316	11707110	0.0300154179945528	0.0609393097397655
3	5330286	10127622	0.0519327615080855	0.131644282864874
3	208908	24964624	-0.0369980603852743	-0.0139689280094192
3	25227436	16007391	-0.0109766673305015	0.0248942610482227
3	25227436	54761306	-0.0443345542994206	0.0110836272759005
3	25227436	126689157	-0.0528641495763431	-0.0227864491077742
3	25227436	118693659	0.0263753650417228	0.0543766544381768
3	25227436	5330286	0.0059521882513322	0.0527867691951351
3	25227436	10127622	0.0273434368194147	0.0808118340736667
3	5330286	131634760	-0.0398062612697583	-0.0012237245799467
3	5330286	49846579	-0.0118877081563821	0.0176497536041968
3	208908	11626560	-0.0405972065764394	-0.0071374122946058
3	3062316	11707110	0.0271980600114623	0.0599141578552359
3	5330286	10127622	0.0173764394828681	0.0939156754507155
3	208908	24964624	-0.0251897343270361	0.0037696684407499
3	25227436	16007391	0.0125302538145557	0.0430946780499289
3	25227436	54761306	-0.045836712760688	0.0166687876936173
3	25227436	126689157	-0.0343250332090086	-0.0062188661315284
3	25227436	118693659	0.0417794817637939	0.0696500142740778
3	25227436	5330286	-0.0205557709645503	0.0349119073687244
3	25227436	10127622	-0.0311145433661275	0.0194525589793874
3	5330286	131634760	-0.0102416050485876	0.0284343664444622
3	5330286	49846579	-0.037521980897833	-0.0076040348613947
3	208908	11626560	-0.0725929260577818	-0.0367617846691896
3	3062316	11707110	-0.0044625458394204	0.0508636178865519
3	5330286	10127622	-0.0064254404018443	0.0823649111088662
3	208908	24964624	-0.0249003802286313	0.0022479813985094
3	25227436	16007391	-0.0203196655224023	0.0172838424962901
3	25227436	54761306	-0.013583376634812	0.0441727257341217
3	25227436	126689157	-0.0319401901111576	-0.0017073206548687
3	25227436	118693659	-0.0271537435637574	0.0159681068062032
3	25227436	5330286	-0.0068539076308206	0.0532109970218407
3	25227436	10127622	0.0185998891946864	0.0806966958393317
3	5330286	131634760	-0.00369406201652	0.0342047609756741
3	5330286	49846579	-0.0192095377875068	0.0102653595785916
3	208908	11626560	-0.0608716154300404	-0.0276956428285953
3	3062316	11707110	-0.021760206506291	0.0200688429080512
3	5330286	10127622	-0.0028853311236156	0.0767931351560824
3	208908	24964624	-0.0306351412024448	-0.0060039673982642
3	118693659	24856436	-0.0215751196655515	0.0626914317125292
3	118693659	131634760	-0.0634005888148645	-0.0329084456813672
3	118693659	54761306	0.0457498217464535	0.10554316087717
3	118693659	16007391	0.0522405303866979	0.0936763477512632
3	118693659	49846579	-0.016528239948563	0.0157225913293664
3	118693659	10127622	-0.0317848652357876	0.0504777807518405
3	68289010	131634760	-0.0406249189746599	0.002261528882357
3	68289010	49846579	-0.0842715369386282	-0.042031528439692
3	10127622	54761306	0.0631596075771286	0.126210202563025
3	10127622	16007391	0.0891159402102764	0.164890340481428
3	123631	126689157	-0.0772033505904403	-0.0518758542402391
3	10127622	24856436	-0.0304871239410425	0.0730284210611416
3	10127622	126689157	-0.0696168211303385	-0.0387543786538343
3	118693659	24856436	-0.109562411468706	-0.007924474206185
3	118693659	131634760	-0.0527143814660647	0.0228827662253328
3	118693659	54761306	-0.0205710176196395	0.0463282285338642
3	118693659	16007391	0.0191381600673413	0.0956773676779585
3	118693659	49846579	-0.077301102605223	-0.0063629613099816
3	118693659	10127622	0.025964834312248	0.0895757476966501
3	68289010	131634760	-0.0217533822074345	0.0087525493473198
3	68289010	49846579	-0.0601314304526142	-0.023522790936672
3	10127622	54761306	0.0679127111208339	0.131942312228772
3	10127622	16007391	0.0235283518851437	0.0968157657573295
3	123631	126689157	-0.0763840324720141	-0.0516507474833802
3	10127622	24856436	-0.0463102522145761	0.0430830026194994
3	10127622	126689157	-0.0101741723890155	0.0232567276126631
3	118693659	24856436	-0.102118494415573	-0.0104766662255361
3	118693659	131634760	-0.045747337491312	0.0196184429912983
3	118693659	54761306	0.0081522550938315	0.0685538608095237
3	118693659	16007391	-0.0013061398643871	0.0765582948718683
3	118693659	49846579	-0.0840554157435568	-0.0108524562010524
3	118693659	10127622	-0.0082608583345391	0.0807147674912024
3	68289010	131634760	-0.0205417210186736	0.0119130448462869
3	68289010	49846579	-0.0727108128118242	-0.0314678606863443
3	10127622	54761306	0.0351048573100198	0.101472834287706
3	10127622	16007391	0.0749120278253834	0.147198607764443
3	123631	126689157	-0.0805258157818536	-0.0558444407896514
3	10127622	24856436	-0.0549696368761682	0.0386536178195741
3	10127622	126689157	-0.0100489204619313	0.0164672488333275
3	25227436	16007391	-0.0468900623672808	0.004906944061798
3	25227436	54761306	-0.0590631986997822	0.0100325707059093
3	25227436	126689157	-0.0457670081321811	-0.0109148653884466
3	25227436	118693659	-0.0305531775800807	-0.0046362618886935
3	25227436	5330286	-0.0143309289082196	0.0296928495437236
3	25227436	10127622	0.0353410370712386	0.0768234085103917
3	5330286	131634760	-0.0579437927058994	-0.0144426397899031
3	5330286	49846579	-0.0566012080506389	-0.0274534171260902
3	208908	11626560	-0.0383928305986776	0.0037236631471585
3	3062316	11707110	-0.0292379008199368	0.0192278387267422
3	5330286	10127622	0.015202181132187	0.100165526784732
3	208908	24964624	-0.0060713285434127	0.0165915581529081
3	25227436	16007391	-0.0327210796409643	0.0099881032663635
3	25227436	54761306	-0.0682418528961622	0.0011300474348858
3	25227436	126689157	-0.0529563093900508	-0.0181804522045034
3	25227436	118693659	-0.0068142782054878	0.0160294600760697
3	25227436	5330286	-0.0175088648689706	0.0231259923299511
3	25227436	10127622	-0.0085534041421211	0.0480267417715787
3	5330286	131634760	-0.0109105924967514	0.0268931547210331
3	5330286	49846579	-0.0812018029365293	-0.0515706869841296
3	208908	11626560	-0.06834227054757	-0.0325843057012483
3	3062316	11707110	-0.0211406518987585	0.0260180827518327
3	5330286	10127622	0.037760037104002	0.12644373615751
3	208908	24964624	-0.0116782241074063	0.0120209331935246
3	118693659	24856436	-0.0625144594522031	0.0188102582489739
3	118693659	131634760	-0.0406923828878386	-0.0100760848688824
3	118693659	54761306	0.0552628800908422	0.104357851446735
3	118693659	16007391	0.000917813587535717	0.0382792682553003
3	118693659	49846579	-0.0606407083753647	-0.0210003923258357
3	118693659	10127622	-0.0181450913249937	0.052991495263918
3	68289010	131634760	-0.0423574020036692	-0.0158266722591168
3	68289010	49846579	-0.0734044554788228	-0.0257923983738622
3	10127622	54761306	0.0282138108492848	0.0893860260851627
3	10127622	16007391	0.0734064435300195	0.117643596400627
3	123631	126689157	-0.0912019332160456	-0.0508617794741966
3	10127622	24856436	-0.0501015822572633	0.0248070702028293
3	10127622	126689157	0.0205774997920302	0.0467873299058568
3	118693659	24856436	-0.0648101747945111	0.0189341201394208
3	118693659	131634760	-0.0625498151628115	-0.0312273282076075
3	118693659	54761306	0.031245409115408	0.0822419731365279
3	118693659	16007391	0.0138033543473284	0.057499512159771
3	118693659	49846579	-0.0671399427602007	-0.0370179749615889
3	118693659	10127622	0.0418618100121559	0.113961592072789
3	68289010	131634760	-0.0584041753762214	-0.0329304862167525
3	68289010	49846579	-0.060356053080641	-0.0267590885061524
3	10127622	54761306	0.0294301788119998	0.0874836565566933
3	10127622	16007391	0.0660168196485943	0.117349547585276
3	123631	126689157	-0.0588152213575519	-0.0336283468484278
3	10127622	24856436	0.0426122346660879	0.107011050680522
3	10127622	126689157	-0.0332565609141039	-0.0053379779864108
3	118693659	24856436	-0.0783553014316397	0.0121466708404522
3	118693659	131634760	-0.0234209451702197	0.0112393444431668
3	118693659	54761306	0.018357434240127	0.0766164022476399
3	118693659	16007391	-0.000159665992106404	0.0552336127391162
3	118693659	49846579	-0.0184623549235647	0.0170878954037151
3	118693659	10127622	0.0417223505193653	0.0957156178374366
3	68289010	131634760	-0.0485388789212067	-0.0262405489960388
3	68289010	49846579	-0.0269739347690829	0.0032582525924738
3	10127622	54761306	0.0156435764680427	0.0862352924901322
3	10127622	16007391	0.062633929337769	0.115672903192222
3	123631	126689157	-0.0670019737275468	-0.0424258263910437
3	10127622	24856436	-0.0334155170217708	0.0454449776338137
3	10127622	126689157	-0.0608311663392841	-0.0293241684876266
3	25227436	16007391	-0.033423732675841	0.0102178160916218
3	25227436	54761306	-0.0341437584415072	0.0134347618949504
3	25227436	126689157	-0.0466819738320917	-0.0147246430338753
3	25227436	118693659	-0.0033055182864302	0.0374300705630759
3	25227436	5330286	-0.0251662068979157	0.0220067141368218
3	25227436	10127622	0.0392015633853666	0.0796731463000382
3	5330286	131634760	-0.0350023952665322	-0.000666122504774366
3	5330286	49846579	-0.0789261055993049	-0.0423573295591372
3	208908	11626560	-0.106333100895891	-0.0529133054013388
3	3062316	11707110	-0.0185806924513237	0.0176417344145182
3	5330286	10127622	0.0145798820428158	0.100546482189221
3	208908	24964624	-0.034318002916939	-0.0078081419458084
3	25227436	16007391	-0.0253480195876296	0.0112488189122338
3	25227436	54761306	-0.0673236863177488	-0.012986686265378
3	25227436	126689157	-0.0662895152059945	-0.0348838784942602
3	25227436	118693659	0.0083889631950905	0.0409012995207609
3	25227436	5330286	-0.037129377609847	0.0067113030512161
3	25227436	10127622	0.0360668477283421	0.0658978415303451
3	5330286	131634760	-0.009653695821781	0.0238222605689125
3	5330286	49846579	-0.026734403062022	0.003760633295201
3	208908	11626560	-0.0899860914598214	-0.0423591040988843
3	3062316	11707110	0.025100115317257	0.0589859542676171
3	5330286	10127622	0.0168524004906434	0.11140123853071
3	208908	24964624	-0.0414941556069937	-0.0132730135231005
3	118693659	24856436	-0.0753469400312651	0.0220469276217004
3	118693659	131634760	-0.0199548848729088	0.0161139290524423
3	118693659	54761306	0.0145989616108282	0.0847927084957524
3	118693659	16007391	-0.0148493023310499	0.0489270960443012
3	118693659	49846579	-0.0754938205119862	-0.0378360498571361
3	118693659	10127622	0.0019823310506814	0.0993564213661769
3	68289010	131634760	-0.0682172634589992	-0.0399524476302258
3	68289010	49846579	-0.0722518979684619	-0.0459225831281497
3	10127622	54761306	0.0335254061035858	0.116965717530913
3	10127622	16007391	0.0865935114547494	0.13312073620108
3	123631	126689157	-0.0810951175075923	-0.0559133679609685
3	10127622	24856436	0.0092956715476585	0.0880054162364977
3	10127622	126689157	0.003758097625682	0.0305767778594153
3	118693659	24856436	-0.094550465919487	0.0068715238778435
3	118693659	131634760	-0.0466736773367628	-0.0164199715754453
3	118693659	54761306	0.002274704550909	0.076841389381914
3	118693659	16007391	-0.0115672611557274	0.044281472515998
3	118693659	49846579	-0.0324941634387817	0.006060720998075
3	118693659	10127622	-0.0240552557514192	0.0820250132245336
3	68289010	131634760	-0.0487694535466347	-0.0244753729292019
3	68289010	49846579	-0.0637128080212549	-0.0389995089429034
3	10127622	54761306	0.0307893882848271	0.114815689171755
3	10127622	16007391	0.106741979071289	0.161407113132982
3	123631	126689157	-0.0905735195201236	-0.0631046810031763
3	10127622	24856436	-0.0131318716852582	0.0710516803571522
3	10127622	126689157	0.0054500052810226	0.0301963229308455
3	118693659	24856436	-0.0882580286788828	0.0136509771844621
3	118693659	131634760	-0.0391568280607928	-0.0091811397252417
3	118693659	54761306	0.000511522050672082	0.0754551254882544
3	118693659	16007391	0.0354050286608484	0.0883190007249576
3	118693659	49846579	-0.0517688987981052	-0.0205651400036959
3	118693659	10127622	0.0303401433608739	0.133698142137656
3	68289010	131634760	-0.0568490092250354	-0.0329182927985312
3	68289010	49846579	-0.0669278663583139	-0.0396463383974442
3	10127622	54761306	0.0036346071457412	0.0958212578945934
3	10127622	16007391	0.0760503559967424	0.124588205992247
3	123631	126689157	-0.100181547885523	-0.0704918225756743
3	10127622	24856436	-0.0077419804212149	0.0713468952307096
3	10127622	126689157	-0.0167223069667981	0.0089705725070322
3	54761306	10339178	-0.052301716462064	-0.0170368398783185
3	131634760	208908	-0.0330868768037519	-0.0042442144110715
3	135151360	36462	0.10097612400583	0.134028807779206
3	86661883	208908	-0.0203532623009127	0.0180401157556908
3	24856436	104842	-0.06570146347271	0.0363362617520343
3	72165232	3385	-0.0641001314403134	-0.0402054937550561
3	72165232	24856436	0.0188790593985298	0.0531229020041933
3	51001932	24866313	0.06014075075646	0.129309161228631
3	208908	10127622	-0.018515077115423	0.0042941351262936
3	11626560	10127622	0.0123286917816698	0.0995587358206984
3	86661883	60749	-0.0115588005310735	0.0150249451788232
3	72165232	104842	0.0420836813380868	0.0641635045634384
3	11626560	3062316	0.0175629942210096	0.0523259398198093
3	49846579	208908	-0.0649441086907571	-0.0462037334503526
3	54761306	10339178	-0.0517357923411117	-0.0072267241830768
3	131634760	208908	0.0288516891217618	0.0545505895873256
3	135151360	36462	0.0970378317214995	0.119639217806644
3	86661883	208908	-0.0611651040369686	-0.0040404743527781
3	24856436	104842	-0.0660594026781072	0.028229050349034
3	72165232	3385	-0.0538719757191338	-0.0306647870137235
3	72165232	24856436	0.0151960297064572	0.0421679806401861
3	51001932	24866313	0.0434182330596405	0.122355752567657
3	208908	10127622	-0.015857580950715	0.0335848244639943
3	11626560	10127622	-0.005386846616953	0.0747820180996254
3	86661883	60749	-0.0242313371664047	-7.15059567163043e-05
3	72165232	104842	-0.000488465017428934	0.0299883992278041
3	11626560	3062316	-0.0550903209342197	-0.0053026925583405
3	49846579	208908	-0.0471483455117281	-0.0308751286990559
3	54761306	10339178	-0.0064910067239361	0.021812011784849
3	131634760	208908	-0.0453008201176232	-0.0244146139066626
3	135151360	36462	0.0696541255426577	0.0997660553145081
3	86661883	208908	-0.0063395252890944	0.0169623223064184
3	24856436	104842	-0.0561732309998673	0.047180518379723
3	72165232	3385	-0.0176866914154985	0.0051695293841839
3	72165232	24856436	-0.036796173083912	0.0087929069082861
3	51001932	24866313	0.0423719792452166	0.127924826832347
3	208908	10127622	-0.0817149465782297	-0.0554793099484633
3	11626560	10127622	0.0149930910835367	0.100554511111276
3	86661883	60749	-0.0506631690694019	-0.0100130438248675
3	72165232	104842	0.0516222826288641	0.0883968341623396
3	11626560	3062316	0.022065870223713	0.0560424975968778
3	49846579	208908	-0.0373406818870324	-0.0170778204996375
3	54761306	60749	0.0319544295984469	0.110340448933223
3	24856436	60749	0.0171688193320596	0.110991545614182
3	72165232	60749	0.036489329067376	0.0986255329144038
3	52913813	25227436	0.0009634953823339	0.0347190972172868
3	52913813	5330286	-0.0140114905074282	0.0350364869267183
3	131634760	60749	0.0020559091478704	0.0421959477372629
3	86661883	36314	0.0897163617107792	0.132056583406457
3	131634760	36314	0.132003775486726	0.154643737164412
3	23725625	86661883	-0.0519152870745864	-0.0262073368835008
3	23725625	118693659	-0.0383678097031197	-0.0112466318378285
3	23725625	131634760	-0.0617123353658549	-0.0455390453424199
3	23725625	49846579	-0.0569563017032827	-0.0385162714359324
3	54761306	60749	0.0206754511559483	0.107739496976475
3	24856436	60749	-0.0278702447609259	0.0711448231561789
3	72165232	60749	0.0356782029552938	0.10813698827428
3	52913813	25227436	0.0326919009754181	0.0578931861724822
3	52913813	5330286	0.036328476114143	0.0911509265560713
3	131634760	60749	-0.0089275600270202	0.0425867409629651
3	86661883	36314	0.156982577395638	0.200957345232063
3	131634760	36314	0.0494290297303232	0.0693327939878292
3	23725625	86661883	-0.0726015722433652	-0.045421024176638
3	23725625	118693659	-0.0513033077652217	-0.0227175695375973
3	23725625	131634760	-0.0565486850655891	-0.0405211891364035
3	23725625	49846579	-0.0570463612970971	-0.0393051328710362
3	54761306	60749	-0.0102553667083213	0.0793180615942811
3	24856436	60749	0.0366334514982173	0.130161854568251
3	72165232	60749	0.0586077253543972	0.113409183309536
3	52913813	25227436	-0.0044821058538591	0.0229073299040503
3	52913813	5330286	0.0398340950724107	0.0886320819114699
3	131634760	60749	0.0152884853502069	0.0544953925182654
3	86661883	36314	0.129304443251844	0.191476992912293
3	131634760	36314	0.0416491075304678	0.0605790333022914
3	23725625	86661883	-0.0285108753847313	-0.0104794877079949
3	23725625	118693659	-0.0466223921050685	-0.0125819171776359
3	23725625	131634760	-0.0587568199813863	-0.0427086727087216
3	23725625	49846579	-0.0598431197882772	-0.0400306711199468
3	54761306	60749	0.0821150675700833	0.153613691133459
3	24856436	60749	0.0195072263267361	0.109185380440192
3	72165232	60749	0.0751699907763836	0.129752748380979
3	52913813	25227436	-0.0104837669511464	0.0088479519477278
3	52913813	5330286	-0.000496457818377389	0.0468210404359136
3	131634760	60749	-0.0657704755070026	-0.0293541048595034
3	86661883	36314	0.090644876715158	0.134417927314043
3	131634760	36314	0.0348466924106177	0.0523388526506874
3	23725625	86661883	-0.0565435746372097	-0.0238275367735626
3	23725625	118693659	-0.0955308288192704	-0.0438033098549288
3	23725625	131634760	-0.0578612565381096	-0.0383712694612905
3	23725625	49846579	-0.0565422116921972	-0.0331549102087496
3	54761306	60749	0.0589336225563494	0.134879227226216
3	24856436	60749	0.0044393925236234	0.0990778638060508
3	72165232	60749	0.0678205284612732	0.11484578314761
3	52913813	25227436	-0.0400213818935337	-0.0149913683114132
3	52913813	5330286	0.0409366104410055	0.0768955142090873
3	131634760	60749	-0.04051536595488	0.0066839728194674
3	86661883	36314	0.0858869605956193	0.123575296873369
3	131634760	36314	0.0421405772778872	0.0599502363919702
3	23725625	86661883	-0.0350546702903485	-0.0087376744489764
3	23725625	118693659	-0.0988976377818339	-0.0494309656318446
3	23725625	131634760	-0.0398658179314938	-0.0217302613662998
3	23725625	49846579	-0.0445262239502933	-0.0195722860102696
3	54761306	10339178	-0.0660506691792278	-0.0420301065940851
3	131634760	208908	-0.0404972366134837	-0.0177432931380658
3	135151360	36462	0.131683735803683	0.166022369232234
3	86661883	208908	0.0217982731889766	0.0422695732558641
3	24856436	104842	-0.0524816073483066	0.0492242711471774
3	72165232	3385	-0.0453907806246346	-0.0224595897622328
3	72165232	24856436	-0.0417722618193402	-0.0136559817632176
3	51001932	24866313	-0.0024624598110374	0.0769457281396183
3	208908	10127622	-0.0458990106852705	0.0052055612859806
3	11626560	10127622	0.0311455042674226	0.116245625576902
3	86661883	60749	0.0373552892135782	0.077236435376406
3	72165232	104842	0.0134646791964717	0.0452732984483609
3	11626560	3062316	0.0206323191225791	0.0462080905151101
3	49846579	208908	-0.0331436715110646	-0.0110004577138223
3	54761306	10339178	-0.0620550336601985	-0.0379807626115926
3	131634760	208908	-0.0485876179583119	-0.0293759007193864
3	135151360	36462	0.098005811333526	0.128577201276794
3	86661883	208908	-0.0168685035118025	0.0052228719791307
3	24856436	104842	-0.0565065310373623	0.0297587277344135
3	72165232	3385	-0.0405310395286572	-0.0170790251568936
3	72165232	24856436	-0.0203741432290439	0.0087439919183827
3	51001932	24866313	0.0385090381159587	0.11403619334514
3	208908	10127622	-0.0200642548264969	0.0189536325033084
3	11626560	10127622	-0.0215851248437985	0.0639400290664708
3	86661883	60749	-0.0057849062761244	0.0551661320335797
3	72165232	104842	0.0389349032462415	0.0858989999761381
3	11626560	3062316	0.0227653973632593	0.0529838514282059
3	49846579	208908	-0.0424520497114194	-0.0202638871591195
3	54761306	10339178	-0.0403959099053101	-0.0166783626928069
3	131634760	208908	-0.0504530433351932	-0.0300620798352691
3	135151360	36462	0.109401078430506	0.141143846456284
3	86661883	208908	-0.0225120206537746	-0.000323669216621329
3	24856436	104842	-0.0397056612666048	0.0657651870994662
3	72165232	3385	-0.0300641335079998	-0.0079070044717579
3	72165232	24856436	-0.0457691799024286	-0.0163037785294717
3	51001932	24866313	0.0781641279024331	0.147871526648623
3	208908	10127622	-0.0227989514894297	0.0223484331267416
3	11626560	10127622	-0.022862633103245	0.059834720007934
3	86661883	60749	0.0208446073996252	0.054199536047035
3	72165232	104842	0.0431621437025052	0.0780199454566126
3	11626560	3062316	0.0158320531599508	0.0425631941929987
3	49846579	208908	-0.0393867958228797	-0.0218480153942046
3	54761306	60749	0.0649191128183831	0.144484635435952
3	24856436	60749	0.0358093486598083	0.123806478617563
3	72165232	60749	0.0573000216751484	0.0966974835126694
3	52913813	25227436	-0.0164697385301147	0.0109725574178183
3	52913813	5330286	0.0229192179390998	0.0634516465282614
3	131634760	60749	-0.0493456583586405	-0.018742207443354
3	86661883	36314	0.129986172933909	0.168031450688968
3	131634760	36314	-0.0063650972053047	0.0072277893446024
3	23725625	86661883	-0.0616200307598321	-0.0303043719334879
3	23725625	118693659	-0.0498899095212285	-0.0138694127453081
3	23725625	131634760	-0.0497810456375644	-0.0313534405602704
3	23725625	49846579	-0.0424938556817192	-0.0250608644373729
3	54761306	60749	0.0181805547646596	0.0973511923708488
3	24856436	60749	-0.0101101299393879	0.0862946340266674
3	72165232	60749	0.0401091567762464	0.0893609428037582
3	52913813	25227436	-0.0623105008563269	-0.0320130897076303
3	52913813	5330286	0.024631126790829	0.0682510717935682
3	131634760	60749	-0.001786707811575	0.0234453444489748
3	86661883	36314	0.178993278754254	0.209195787831371
3	131634760	36314	0.0692539405302318	0.0863178933052393
3	23725625	86661883	-0.0551546308335025	-0.025882728499751
3	23725625	118693659	-0.0525492457637217	-0.005119666434806
3	23725625	131634760	-0.0716928138533246	-0.050199635987391
3	23725625	49846579	-0.0501141364162984	-0.0294167673597121
3	54761306	60749	0.0632466684157915	0.13744178016592
3	24856436	60749	0.01585012111275	0.1091151430526
3	72165232	60749	0.0608129097943583	0.0965756441303051
3	52913813	25227436	-0.0222770401476325	-0.0004699522779462
3	52913813	5330286	-0.011625793299855	0.0218155249372772
3	131634760	60749	-0.0345079325215718	-0.0069023200687183
3	86661883	36314	0.0902386671692896	0.126007680310759
3	131634760	36314	0.0447786017156483	0.0625252713373062
3	23725625	86661883	-0.0376514181675026	-0.0140511257550644
3	23725625	118693659	-0.0444937545084205	-0.0167963333068914
3	23725625	131634760	-0.0365853584641268	-0.0198466530748709
3	23725625	49846579	-0.0481770854863676	-0.028561356705464
3	54761306	10339178	-0.0290820941350093	-0.0040166871823562
3	131634760	208908	-0.0670977024258901	-0.043498756924427
3	135151360	36462	0.056178195544429	0.0846709185749512
3	86661883	208908	0.0377147365937887	0.063409363190498
3	24856436	104842	-0.0275195071871071	0.0707770438978301
3	72165232	3385	-0.0128057254905695	0.0094953795937267
3	72165232	24856436	-0.0340184055597778	-0.0012608573895998
3	51001932	24866313	0.0977690555235413	0.158414933903977
3	208908	10127622	0.0054270558316699	0.0364372843157597
3	11626560	10127622	0.0088997817569545	0.083333984868242
3	86661883	60749	-0.0064148415683964	0.0274996908732747
3	72165232	104842	0.0746541487355078	0.0980536794967242
3	11626560	3062316	0.0166916799057878	0.0445770247751949
3	49846579	208908	-0.0353796224861697	-0.0190736154623481
3	54761306	10339178	0.0161348719470198	0.0392090720060607
3	131634760	208908	-0.0406296829633769	-0.0211316972083408
3	135151360	36462	0.0766224666862675	0.100600667933297
3	86661883	208908	0.0096881759057202	0.0375080900478144
3	24856436	104842	-0.0807195670597519	0.0146770099675228
3	72165232	3385	-0.0214486165043604	0.0014616547237953
3	72165232	24856436	-0.0076887019716378	0.0252289838400948
3	51001932	24866313	0.0619678221064129	0.126775544604883
3	208908	10127622	-0.0024940678015181	0.0214505272642084
3	11626560	10127622	0.0041070228722742	0.0716033174218837
3	86661883	60749	-0.051318915470287	-0.0170628913729156
3	72165232	104842	0.0388074389971407	0.0600557708933577
3	11626560	3062316	0.0133252981412327	0.045622345538096
3	49846579	208908	-0.0550015060983994	-0.0389514899436063
