MASTER_CELL_ID	Drug1_pub	Drug2_pub	Bliss_matrix	HSA_matrix
1002	54761306	23725625	0.034744001	0.065223966
1002	24856436	23725625	-0.021134856	0.018419646
1002	24856436	54761306	0.064154813	0.106387541
1002	16007391	23725625	-0.041300946	-0.004289517
1002	16007391	54761306	-0.10692514	-0.053801819
1002	16007391	24856436	0.031190521	0.067498046
1002	118502708	24856436	-0.095835032	-0.07684995
1002	135151360	23725625	-0.046694094	-0.030519133
1002	118502708	54761306	-0.025992732	-0.011932399
1002	118502708	16007391	-0.073566797	-0.0612151
1002	135151360	24856436	0.038859759	0.05669916
1002	135151360	118502708	-0.005482859	0.007507861
1002	135151360	54761306	0.050943441	0.072358582
1002	135151360	16007391	-0.010758501	0.039633756
1002	46700756	23725625	0.001768988	0.022809343
1002	46700756	54761306	0.042066811	0.083974683
1002	46700756	24856436	0.23156899	0.289224462
1002	46700756	118502708	-0.021966792	-0.003463419
1002	46700756	135151360	-0.061104628	-0.028328055
1002	46700756	104842	0.166746387	0.239059952
1002	104842	23725625	0.149854894	0.186628646
1002	31703	135151360	0.069629485	0.098281448
1002	90132565	23725625	-0.050185925	-0.037172635
1002	104842	118502708	0.125585497	0.141526916
1002	3082962	23725625	-0.031112437	-0.019461072
1002	86661883	10127622	0.020607893	0.032585044
1002	86661883	52913813	0.013690198	0.028283005
1002	49846579	54761306	-0.010741335	0.011739519
1002	49846579	24856436	0.006181603	0.029640962
1002	49846579	16007391	-0.04896322	-0.016064112
1002	49846579	118502708	0.028946035	0.039839208
1002	49846579	135151360	-0.014938322	-0.004761228
1002	49846579	25227436	-0.022185357	0.009318652
1002	49846579	52913813	-0.008199625	-0.000877339
1002	11707110	51001932	-0.012312292	-0.000959742
1002	49846579	24771867	0.111369668	0.136242257
1002	49846579	10127622	-0.013727475	-0.006336111
1002	46700756	104842	0.349911761	0.388651076
1002	131634760	24856436	0.019031862	0.039135289
1002	131634760	118502708	0.004002997	0.013222961
1002	131634760	54761306	0.035192053	0.069350106
1002	131634760	16007391	-0.019961682	0.035616434
1002	131634760	135151360	-0.047015995	-0.021568769
1002	131634760	25227436	0.033736447	0.087217764
1002	131634760	52913813	-0.028463021	0.000303026
1002	131634760	10127622	0.046489744	0.05928653
1002	131634760	49846579	0.001521765	0.012410073
1002	86661883	54761306	-0.006707733	0.02549871
1002	86661883	24856436	0.075122209	0.092686015
1002	86661883	118502708	-0.019788603	-0.002407176
1002	86661883	25227436	-0.019582446	0.024370812
1002	86661883	16007391	0.03212271	0.067662212
1002	86661883	135151360	0.031696112	0.046891607
1002	131634760	24856436	0.048904844	0.069951735
1002	131634760	118502708	0.031623428	0.040977559
1002	131634760	54761306	0.032551503	0.068614702
1002	131634760	16007391	-0.003263624	0.051888725
1002	131634760	135151360	-0.042674835	-0.019809243
1002	131634760	25227436	0.030467012	0.084918485
1002	131634760	52913813	0.014987125	0.032256019
1002	131634760	10127622	0.017839852	0.032729911
1002	131634760	49846579	0.010410402	0.020976117
1002	86661883	54761306	0.017710947	0.046331637
1002	86661883	24856436	0.074930834	0.091127211
1002	86661883	118502708	0.028614061	0.042446731
1002	86661883	25227436	-0.015293554	0.025475569
1002	86661883	16007391	0.02438016	0.05565304
1002	86661883	135151360	-0.0108971	0.010601873
1002	25227436	16007391	-0.0217196405561813	0.0508921132834866
1002	25227436	54761306	-0.0241305660013356	0.0187063146767028
1002	25227436	126689157	-0.0424022127000681	-0.0154568866304105
1002	25227436	118693659	0.0222761449947376	0.0367907143341002
1002	25227436	5330286	-0.0126721382097603	0.0035103293880729
1002	25227436	10127622	0.0080746043837544	0.0191887652811533
1002	5330286	131634760	-0.000425093080124856	0.0223692562689709
1002	5330286	49846579	-0.0275866781060114	-0.0211772303385571
1002	208908	11626560	-0.0465059147844113	-0.0016441291766379
1002	3062316	11707110	-0.0383666770312619	-0.0308916487418636
1002	5330286	10127622	-0.0413450035606976	-0.0332504669068384
1002	208908	24964624	0.141987308265798	0.197599034148282
1002	118693659	24856436	-0.0223807691062142	0.0206806988670109
1002	118693659	131634760	0.0062807622221054	0.0482646007137605
1002	118693659	54761306	0.041457535462973	0.0664946928625448
1002	118693659	16007391	-0.13321662969561	-0.092272110004473
1002	118693659	49846579	-0.0298807116705634	-0.0107018809336962
1002	118693659	10127622	-0.0035731824288035	0.0103731181264134
1002	68289010	131634760	-0.0392500920601694	-0.0247404335031296
1002	68289010	49846579	-0.0370658366591199	-0.0280237545193133
1002	10127622	54761306	-0.0604004874255693	-0.0498787029197189
1002	10127622	16007391	-0.0959449800904693	-0.0854589066507222
1002	123631	126689157	-0.0537191324410417	-0.0438873666097389
1002	10127622	24856436	-0.0398656559964508	-0.0304032342752264
1002	10127622	126689157	-0.0331766614483149	-0.0267920321766136
1002	54761306	60749	0.0280103331227076	0.070725262953233
1002	24856436	60749	0.0678828464219479	0.119969678760878
1002	72165232	60749	0.0085365168405533	0.0464055172420864
1002	52913813	25227436	0.018991209575932	0.0620189540543735
1002	52913813	5330286	-0.0466300111200435	-0.0331417099732511
1002	131634760	60749	0.0282771388310755	0.0873446837501722
1002	86661883	36314	0.0811258253898557	0.110635724508576
1002	131634760	36314	0.0387268726370297	0.0920276574305977
1002	23725625	86661883	-0.0114760444017668	0.012362743240818
1002	23725625	118693659	-0.0608865720220928	-0.0376979873236547
1002	23725625	131634760	-0.0141512048563034	0.0112610402038533
1002	23725625	49846579	-0.0482888959174546	-0.0380466901086746
1002	54761306	10339178	-0.0165210010479428	0.0020448574411062
1002	131634760	208908	0.0616938516719641	0.123872162303355
1002	135151360	36462	0.0175863140551981	0.0519549078029099
1002	86661883	208908	0.0494932737202546	0.102509510496797
1002	24856436	104842	0.0925894718027094	0.142076733561863
1002	72165232	3385	0.0348987573359645	0.0428171426680553
1002	72165232	24856436	0.102113286506652	0.120602449971315
1002	51001932	24866313	0.0340533474864826	0.0453394035095624
1002	208908	10127622	-0.0506771065867776	-0.0336567776206588
1002	11626560	10127622	0.0033760637228833	0.0164211327149562
1002	86661883	60749	0.0470858748024246	0.0855539159116895
1002	72165232	104842	0.231415422770606	0.250091686886426
1002	11626560	3062316	-0.06659529783454	-0.0475667833823759
1002	49846579	208908	-0.0180687347679198	-0.0053860111969878
