MASTER_CELL_ID	Drug1_pub	Drug2_pub	Bliss_matrix	HSA_matrix
1502	54761306	23725625	0.048215387	0.064927512
1502	24856436	23725625	-0.033426017	-0.008021493
1502	24856436	54761306	0.010819896	0.061826832
1502	16007391	23725625	-0.027468956	-0.001468082
1502	16007391	54761306	-0.118788994	-0.068955893
1502	16007391	24856436	0.006617046	0.036320222
1502	118502708	24856436	-0.007882985	0.021701029
1502	135151360	23725625	-0.037383739	-0.019998955
1502	118502708	54761306	-0.035240747	-0.014627263
1502	118502708	16007391	-0.039463867	-0.019246807
1502	135151360	24856436	0.002001716	0.062392889
1502	135151360	118502708	-0.042169838	-0.003029707
1502	135151360	54761306	0.041989953	0.070649462
1502	135151360	16007391	-0.026037921	0.021138187
1502	46700756	23725625	-0.057217604	-0.02264894
1502	46700756	54761306	0.024203429	0.074786596
1502	46700756	24856436	0.028413851	0.107484197
1502	46700756	118502708	-0.039081182	-0.013592838
1502	46700756	135151360	-0.079131244	-0.040220623
1502	46700756	104842	0.040413353	0.108282311
1502	104842	23725625	0.035192693	0.054717994
1502	31703	135151360	0.026055504	0.053274987
1502	90132565	23725625	-0.050596488	-0.039109801
1502	104842	118502708	0.026270273	0.056021525
1502	3082962	23725625	-0.020558519	0.000277311
1502	131634760	24856436	0.010113945	0.059239423
1502	131634760	118502708	0.040070327	0.061441135
1502	131634760	54761306	0.022355308	0.050999004
1502	131634760	16007391	-0.042081395	0.00485511
1502	131634760	135151360	-0.054306027	-0.021366304
1502	131634760	25227436	-0.002450097	0.016406324
1502	131634760	52913813	0.01249266	0.032766922
1502	131634760	10127622	-0.077375515	-0.052913292
1502	131634760	49846579	-0.034714201	-0.019649328
1502	86661883	54761306	-0.036212041	-0.008088784
1502	86661883	24856436	0.029687804	0.057486502
1502	86661883	118502708	-0.070424897	-0.043049348
1502	86661883	25227436	-0.054791902	-0.036746446
1502	86661883	16007391	-0.0157224	0.006771631
1502	86661883	135151360	-0.030338301	-0.014001343
1502	86661883	10127622	0.011243557	0.045252995
1502	86661883	52913813	-0.013927305	0.041032389
1502	49846579	54761306	-0.008538103	0.025564069
1502	49846579	24856436	-0.013594713	0.009226667
1502	49846579	16007391	-0.075647217	-0.052302902
1502	49846579	118502708	-0.040395928	-0.012944002
1502	49846579	135151360	-0.041614885	-0.016871976
1502	49846579	25227436	-0.075630779	-0.05177038
1502	49846579	52913813	-0.050392512	-0.03295924
1502	11707110	51001932	0.065726807	0.087958333
1502	49846579	24771867	-0.013158001	0.008448111
1502	49846579	10127622	-0.054189228	-0.039115471
1502	46700756	104842	0.121617554	0.195033482
1502	25227436	16007391	-0.0032449243803419	0.0149568132569578
1502	25227436	54761306	-0.06074493187982	-0.0145819469940021
1502	25227436	126689157	-0.071229199140943	-0.0510594830302472
1502	25227436	118693659	-0.0028248103941289	0.0420998586236155
1502	25227436	5330286	-0.0145570651288125	0.0352699952363839
1502	25227436	10127622	-0.0267478743891419	0.0104398419859135
1502	5330286	131634760	-0.0150627687700855	0.0125012155752127
1502	5330286	49846579	-0.0083030942322374	0.0128947055450068
1502	208908	11626560	-0.0152329186793265	0.0271253207907191
1502	3062316	11707110	0.0201140661786183	0.042873816286405
1502	5330286	10127622	0.001154095404938	0.0259506461672762
1502	208908	24964624	-0.0427879999338472	-0.0088497200272785
1502	118693659	24856436	-0.0128286783175606	0.0391822844456834
1502	118693659	131634760	0.0179150682385525	0.0353244337284239
1502	118693659	54761306	0.0524745191885294	0.0806186720343712
1502	118693659	16007391	-0.0103572116735992	0.0258321687044553
1502	118693659	49846579	-0.0403646988098744	-0.0193500895455091
1502	118693659	10127622	0.0325342864733615	0.0652422438293586
1502	68289010	131634760	-0.0416604462922986	-0.0134750289781617
1502	68289010	49846579	-0.0517961511083528	-0.0309315975365704
1502	10127622	54761306	-0.0399399725048908	-0.0176937383906401
1502	10127622	16007391	-0.0103731493734568	0.0139789091683761
1502	123631	126689157	-0.0119172347291796	0.0039566126528097
1502	10127622	24856436	-0.0316033705676401	-0.0094988995053944
1502	10127622	126689157	-0.0154043967740067	-0.001173036928713
1502	54761306	60749	0.0862840430728664	0.126316058184968
1502	24856436	60749	0.085776246035138	0.135656428285892
1502	72165232	60749	0.117146101214817	0.158628465541851
1502	52913813	25227436	-0.0344951798924603	0.0118105265455492
1502	52913813	5330286	-0.0038239661190148	0.0428529308980288
1502	131634760	60749	-0.07216053452523	-0.0301793123438466
1502	86661883	36314	0.0719341728926615	0.104511216585069
1502	131634760	36314	-0.0118096743903763	-0.0026027601449637
1502	23725625	86661883	-0.033866161356582	-0.0142630523817195
1502	23725625	118693659	-0.0369135364157044	-0.0136950328816296
1502	23725625	131634760	-0.0205655185044699	-0.0053370018053585
1502	23725625	49846579	-0.0211850535540751	-0.0060666290547307
1502	54761306	10339178	-0.0446935265826893	-0.0275887821278164
1502	131634760	208908	-0.0250173280049001	-0.0127888586658011
1502	135151360	36462	0.0526184133645898	0.0697558861082976
1502	86661883	208908	-0.0224420428588822	-0.0048951478939369
1502	24856436	104842	0.0014549271921727	0.0568297437752541
1502	72165232	3385	0.0215266445489635	0.0581213511023043
1502	72165232	24856436	0.0146492390393146	0.0788041876485338
1502	51001932	24866313	0.0055970501601688	0.0508512864083693
1502	208908	10127622	-0.0743698417218379	-0.0500366740972298
1502	11626560	10127622	-0.0220839641413349	0.0099541180425877
1502	86661883	60749	-0.012239993072064	0.0246379898397102
1502	72165232	104842	0.0441857242633897	0.0849940704792676
1502	11626560	3062316	0.0099747980319704	0.051628655948355
1502	49846579	208908	-0.0318868139295393	-0.0145591805202123
