MASTER_CELL_ID	Drug1_pub	Drug2_pub	Bliss_matrix	HSA_matrix
1224	54761306	23725625	0.02291462	0.028706853
1224	24856436	23725625	0.044126171	0.059744633
1224	24856436	54761306	0.000610962	0.024614458
1224	16007391	23725625	0.012253124	0.020466673
1224	16007391	54761306	-0.012317191	-0.005480117
1224	16007391	24856436	0.019962306	0.029062364
1224	118502708	24856436	-0.01307858	-0.003624731
1224	135151360	23725625	-0.030785883	-0.024065275
1224	118502708	54761306	-0.025838412	-0.019860552
1224	118502708	16007391	-0.020120439	-0.015099905
1224	135151360	24856436	0.018102627	0.03461338
1224	135151360	118502708	-0.012733223	-0.005595316
1224	135151360	54761306	0.02312207	0.029042717
1224	135151360	16007391	0.015563424	0.027799059
1224	46700756	23725625	-0.049077582	-0.032379125
1224	46700756	54761306	0.039246478	0.048000368
1224	46700756	24856436	0.142991177	0.174149278
1224	46700756	118502708	-0.01894787	-0.007029115
1224	46700756	135151360	-0.000490457	0.008625651
1224	46700756	104842	0.142566478	0.169056484
1224	104842	23725625	0.090872055	0.100322589
1224	31703	135151360	0.007210083	0.017160601
1224	90132565	23725625	-0.024468513	-0.01843794
1224	104842	118502708	0.029352939	0.037815301
1224	3082962	23725625	-0.018327802	-0.01187218
1224	131634760	24856436	-0.020071283	0.013761667
1224	131634760	118502708	-0.035396079	-0.023859857
1224	131634760	54761306	0.059478124	0.070407772
1224	131634760	16007391	0.110525565	0.127100054
1224	131634760	135151360	-0.058630954	-0.045280861
1224	131634760	25227436	0.041538553	0.052156885
1224	131634760	52913813	0.019607986	0.030564617
1224	131634760	10127622	-0.019385519	-0.008129302
1224	131634760	49846579	-0.011798581	0.006839192
1224	86661883	54761306	-0.055543071	-0.041030845
1224	86661883	24856436	-0.029899397	-0.017268545
1224	86661883	118502708	-0.026989958	-0.020188366
1224	86661883	25227436	-0.033958048	-0.026825903
1224	86661883	16007391	-0.047071724	-0.037856276
1224	86661883	135151360	-0.035053283	-0.028109057
1224	86661883	10127622	-0.018091099	-0.007435092
1224	86661883	52913813	-0.048079621	-0.035567641
1224	49846579	54761306	-0.009918005	-0.001266089
1224	49846579	24856436	0.016197901	0.02832396
1224	49846579	16007391	0.017233898	0.028340451
1224	49846579	118502708	-0.013425372	-0.003709592
1224	49846579	135151360	-0.023178983	-0.013538337
1224	49846579	25227436	-0.029179256	-0.021037678
1224	49846579	52913813	-0.027261311	-0.020687559
1224	11707110	51001932	0.050397854	0.057343715
1224	49846579	24771867	0.030502292	0.039653119
1224	49846579	10127622	-0.021468785	-0.014814355
1224	46700756	104842	0.182571548	0.203108938
1224	25227436	16007391	-0.0817375811170881	-0.0425712894815291
1224	25227436	54761306	-0.0482654758541506	-0.0107361058717544
1224	25227436	126689157	-0.0501676164960458	-0.0199005072360968
1224	25227436	118693659	-0.0697561197622028	-0.0402148990697625
1224	25227436	5330286	-0.0696003676333692	-0.042378800707993
1224	25227436	10127622	-0.0098000237485566	0.012718907329618
1224	5330286	131634760	-0.025809025305366	0.0115208857838772
1224	5330286	49846579	-0.0428069918561299	-0.0267957649585745
1224	208908	11626560	-0.036177548368794	-0.0092035370418798
1224	3062316	11707110	-0.0082075768747652	0.0157525886733324
1224	5330286	10127622	-0.0389036170575036	-0.0226563267000937
1224	208908	24964624	-0.0312723205970822	-0.0100585675652654
1224	118693659	24856436	-0.0616901920576603	0.0141698395947059
1224	118693659	131634760	0.0011992751740568	0.0717033409065956
1224	118693659	54761306	-0.0075034609061889	0.0211412134663459
1224	118693659	16007391	-0.114559251457857	-0.0712605309545875
1224	118693659	49846579	-0.0711284441154351	-0.0381589336107468
1224	118693659	10127622	-0.0420212588424107	-0.0111449130059299
1224	68289010	131634760	-0.035331267954279	-0.0100282863220094
1224	68289010	49846579	-0.0504395639584249	-0.0329422914985808
1224	10127622	54761306	-0.0653053466097449	-0.0469946980493381
1224	10127622	16007391	-0.0358889510281009	-0.0160139575858518
1224	123631	126689157	-0.0551127881659406	-0.0338850466123504
1224	10127622	24856436	-0.0589501119565773	-0.0351895617308166
1224	10127622	126689157	-0.0482541494776409	-0.0326775838143812
1224	54761306	60749	0.122059824310026	0.167449425476791
1224	24856436	60749	0.048647818657889	0.105984158537121
1224	72165232	60749	0.101736266571486	0.140373987148757
1224	52913813	25227436	-0.0425674711503771	-0.0286823033976963
1224	52913813	5330286	-0.0595717349985763	-0.0379735068246804
1224	131634760	60749	0.0910261058853292	0.119467881506472
1224	86661883	36314	0.0245616590199857	0.0402075599361271
1224	131634760	36314	0.055996661288643	0.0964005748381083
1224	23725625	86661883	-0.0565550466587426	-0.0411500368765366
1224	23725625	118693659	-0.0527661093656956	-0.032327735043491
1224	23725625	131634760	-0.0061721409617106	0.011886657938934
1224	23725625	49846579	-0.0627430131667171	-0.0460865419510577
1224	54761306	10339178	-0.0584140557031497	-0.0345739438474897
1224	131634760	208908	0.0117737464052792	0.0430497911366787
1224	135151360	36462	0.0177816303346415	0.0431858319519027
1224	86661883	208908	-0.0206290500594136	0.0070404064759508
1224	24856436	104842	0.0911707428636011	0.148411625282867
1224	72165232	3385	-0.0524342538629134	-0.0389784146608665
1224	72165232	24856436	-0.0295343539710693	-0.0020913413800631
1224	51001932	24866313	0.0569776829133904	0.0760996261808859
1224	208908	10127622	-0.03040434639838	-0.0100325944771453
1224	11626560	10127622	-0.0495281420850857	-0.0339017541256884
1224	86661883	60749	-0.0645199731716111	-0.0414896660212588
1224	72165232	104842	0.0336874453728039	0.0539584434019231
1224	11626560	3062316	-0.003330676279309	0.0160122016682943
1224	49846579	208908	-0.0378124021870879	-0.0225738655088038
