MASTER_CELL_ID	Drug1_pub	Drug2_pub	Bliss_matrix	HSA_matrix
1765	54761306	23725625	-0.032821493	0.016008052
1765	24856436	23725625	0.002797229	0.04026202
1765	24856436	54761306	0.019724028	0.0753723
1765	16007391	23725625	0.047498544	0.096852095
1765	16007391	54761306	-0.036898022	0.019881006
1765	16007391	24856436	0.10972132	0.133431811
1765	118502708	24856436	-0.045054362	-0.024987396
1765	135151360	23725625	-0.014787371	0.009170057
1765	118502708	54761306	0.003938784	0.017533158
1765	118502708	16007391	-0.042150933	-0.02854761
1765	135151360	24856436	-0.037369595	0.008167027
1765	135151360	118502708	0.033199261	0.047940544
1765	135151360	54761306	-1.28e-05	0.031285734
1765	135151360	16007391	0.045467878	0.089929188
1765	46700756	23725625	-0.054428854	-0.010746105
1765	46700756	54761306	-0.020056282	0.041624314
1765	46700756	24856436	0.14588204	0.202979453
1765	46700756	118502708	-0.004591603	0.022515947
1765	46700756	135151360	-0.051237254	-0.010770731
1765	46700756	104842	-0.091048444	-0.018816577
1765	104842	23725625	0.051317248	0.095987621
1765	31703	135151360	0.055318638	0.095483132
1765	90132565	23725625	-0.051642396	-0.034515512
1765	104842	118502708	-0.089384156	-0.067357744
1765	3082962	23725625	-0.025858824	-0.012256967
1765	131634760	24856436	-0.004298983	0.038289834
1765	131634760	118502708	-0.012775724	0.01217974
1765	131634760	54761306	0.040527459	0.060038781
1765	131634760	16007391	0.008241833	0.045716637
1765	131634760	135151360	-0.080105362	-0.040694739
1765	131634760	25227436	-0.031576674	-0.009306176
1765	131634760	52913813	-0.034050036	-0.006789259
1765	131634760	10127622	-0.067445225	-0.039210868
1765	131634760	49846579	0.072736937	0.093964524
1765	86661883	54761306	-0.018372768	0.030385919
1765	86661883	24856436	-0.017228215	0.004198781
1765	86661883	118502708	-0.080921607	-0.063334106
1765	86661883	25227436	-0.079326501	-0.06033706
1765	86661883	16007391	0.022423338	0.041504397
1765	86661883	135151360	-0.076700577	-0.059164129
1765	86661883	10127622	-0.014789024	0.003457196
1765	86661883	52913813	-0.009340588	0.02799996
1765	49846579	54761306	-0.090605176	-0.024603013
1765	49846579	24856436	0.042978686	0.087076461
1765	49846579	16007391	0.016588934	0.064770211
1765	49846579	118502708	-0.03687245	0.002837111
1765	49846579	135151360	-0.072873825	-0.027315008
1765	49846579	25227436	-0.045689248	-0.014067126
1765	49846579	52913813	-0.03395348	-0.009781528
1765	11707110	51001932	0.085800412	0.130071366
1765	49846579	24771867	0.010136488	0.053783754
1765	49846579	10127622	-0.031978671	-0.01116932
1765	46700756	104842	-0.062170309	0.014482525
1765	25227436	16007391	0.0589923575792736	0.11384144789408
1765	25227436	54761306	-0.0478894805178621	0.0109620279237762
1765	25227436	126689157	-0.0144196690269359	0.0084070208872285
1765	25227436	118693659	-0.0134587795519233	0.0372903587806644
1765	25227436	5330286	0.0265483981448972	0.081366119247375
1765	25227436	10127622	-0.0353102771892803	-0.0061323581555484
1765	5330286	131634760	-0.0430127550746909	-0.0228153865830991
1765	5330286	49846579	-0.0379832720512533	-0.0207470069480312
1765	208908	11626560	-0.0760716240761591	-0.0372168538070819
1765	3062316	11707110	0.0453149132636297	0.0873716920895836
1765	5330286	10127622	-0.0396247282863597	-0.0127784552529516
1765	208908	24964624	0.0258478864158113	0.044601247636768
1765	118693659	24856436	-0.0111023664925791	0.0361798350669131
1765	118693659	131634760	-0.0503008160022017	-0.0293613471502923
1765	118693659	54761306	-0.0320107616623543	0.0442262859741301
1765	118693659	16007391	-0.0224516977049375	0.0594935272680847
1765	118693659	49846579	-0.0545183831762687	-0.0406376526830742
1765	118693659	10127622	-0.0811102944192395	-0.0402506730641274
1765	68289010	131634760	-0.0321164862990185	-0.0171397182430733
1765	68289010	49846579	-0.0435103705765679	-0.0300192630872077
1765	10127622	54761306	-0.0809555393249695	-0.0566073160804905
1765	10127622	16007391	-0.0518473190229482	-0.0204053158433043
1765	123631	126689157	-0.0501057867899969	-0.0376304629130049
1765	10127622	24856436	-0.0654863079185367	-0.0368568566698372
1765	10127622	126689157	-0.0591684797201779	-0.0393680805131552
1765	54761306	60749	0.0306401777899668	0.0811521326956174
1765	24856436	60749	-0.0104561835030756	0.0389779265299455
1765	72165232	60749	0.0064161765320924	0.040280004219257
1765	52913813	25227436	0.0271739049971187	0.0498508745635949
1765	52913813	5330286	0.0742034075699741	0.11287912509808
1765	131634760	60749	0.0059340354879131	0.0222179800482808
1765	86661883	36314	0.0387241359526555	0.0472813626951557
1765	131634760	36314	-0.0403819805361979	-0.0378029987489728
1765	23725625	86661883	0.0196745321420909	0.0384555094108589
1765	23725625	118693659	-0.0786257864105998	-0.0370883670978778
1765	23725625	131634760	-0.0134312507860502	-0.0035917446237471
1765	23725625	49846579	-0.0062628226678999	0.0059870642221718
1765	54761306	10339178	-0.0309831063658226	-0.0199968861875956
1765	131634760	208908	-0.0234835485544369	-0.0105296232923135
1765	135151360	36462	0.118614110669275	0.144939413897796
1765	86661883	208908	0.0519556532001067	0.0654103023501376
1765	24856436	104842	-0.0297094237339156	0.0099178768874477
1765	72165232	3385	-0.0446804343748146	-0.0249173790270814
1765	72165232	24856436	0.154880458486728	0.175597270453365
1765	51001932	24866313	0.109986051527972	0.139075059557148
1765	208908	10127622	-0.0108847127401632	0.0028908463149583
1765	11626560	10127622	-0.0501593738969395	-0.0335985581205212
1765	86661883	60749	0.0193764479691294	0.0354853336009731
1765	72165232	104842	-0.0632123112045192	-0.046900071528316
1765	11626560	3062316	0.0493312608368043	0.0825608277760509
1765	49846579	208908	-0.033862052456022	-0.0260437386849603
