MASTER_CELL_ID	Drug1_pub	Drug2_pub	Bliss_matrix	HSA_matrix
1212	54761306	23725625	0.044778667	0.052794889
1212	24856436	23725625	-0.015005894	0.002902
1212	24856436	54761306	-0.035409161	0.01992201
1212	16007391	23725625	-0.003291135	0.001902758
1212	16007391	54761306	-0.054716277	-0.040550843
1212	16007391	24856436	-0.021811057	-0.011328345
1212	118502708	24856436	-0.059529622	-0.037181443
1212	135151360	23725625	-0.021089711	-0.017142404
1212	118502708	54761306	-0.013649406	-0.005823346
1212	118502708	16007391	-0.019914378	-0.015709426
1212	54761306	23725625	0.012561227	0.022363713
1212	24856436	23725625	-0.052113622	-0.024831887
1212	24856436	54761306	0.018847409	0.070959589
1212	16007391	23725625	0.005256529	0.009887834
1212	16007391	54761306	-0.044157206	-0.029886446
1212	16007391	24856436	-0.055729138	-0.045740147
1212	118502708	24856436	-0.031570444	-0.0184908
1212	135151360	23725625	-0.026569524	-0.022252442
1212	118502708	54761306	-0.0276977	-0.020555116
1212	118502708	16007391	-0.010637407	-0.006093411
1212	54761306	23725625	0.000190776	0.01052301
1212	24856436	23725625	-0.038592692	-0.020007348
1212	24856436	54761306	-0.010128459	0.045392126
1212	16007391	23725625	-0.015665704	-0.008709298
1212	16007391	54761306	-0.047604697	-0.030604142
1212	16007391	24856436	-0.059520823	-0.046271279
1212	118502708	24856436	-0.057922911	-0.039617467
1212	135151360	23725625	-0.033457552	-0.027740227
1212	118502708	54761306	-0.015774427	-0.006363827
1212	118502708	16007391	-0.010756598	-0.005498114
1212	135151360	24856436	0.033343294	0.053884241
1212	135151360	118502708	0.029266119	0.039392997
1212	135151360	54761306	-0.009124379	0.004543352
1212	135151360	16007391	0.021641874	0.030937359
1212	46700756	23725625	-0.075851846	-0.065263855
1212	46700756	54761306	-0.03720302	0.00528535
1212	46700756	24856436	-0.000905683	0.053270828
1212	46700756	118502708	-0.034801624	-0.024286918
1212	46700756	135151360	-0.025490732	-0.002787732
1212	46700756	104842	-0.032569587	0.010330395
1212	104842	23725625	0.063205235	0.071302537
1212	31703	135151360	0.002421384	0.014470202
1212	90132565	23725625	-0.026587424	-0.022690792
1212	104842	118502708	0.064861179	0.07206633
1212	3082962	23725625	0.008967032	0.015631043
1212	135151360	24856436	0.015505332	0.041952117
1212	135151360	118502708	0.057114127	0.063680993
1212	135151360	54761306	0.00845924	0.021131825
1212	135151360	16007391	0.048443905	0.05789675
1212	46700756	23725625	-0.079464627	-0.068696785
1212	46700756	54761306	-0.004814254	0.036170946
1212	46700756	24856436	-0.038356502	0.019180285
1212	46700756	118502708	-0.033836822	-0.020377734
1212	46700756	135151360	-0.037294479	-0.019889452
1212	46700756	104842	-0.034032551	0.007796741
1212	104842	23725625	0.028144581	0.036930533
1212	31703	135151360	0.022822615	0.031355117
1212	90132565	23725625	-0.026124633	-0.022316262
1212	104842	118502708	0.096517855	0.103590747
1212	3082962	23725625	0.011711247	0.017999692
1212	54761306	23725625	-0.031612768	-0.011920137
1212	24856436	23725625	-0.026122004	-0.017301015
1212	24856436	54761306	-0.007710019	0.04327783
1212	16007391	23725625	-0.013366409	-0.008190475
1212	16007391	54761306	-0.037375639	-0.017507932
1212	16007391	24856436	-0.01161041	0.028924905
1212	118502708	24856436	-0.011198236	0.019552025
1212	135151360	23725625	0.048330296	0.055422036
1212	118502708	54761306	0.023870596	0.047891821
1212	118502708	16007391	0.049218009	0.055570607
1212	54761306	23725625	-0.079844383	-0.056568094
1212	24856436	23725625	-0.034381747	-0.025807792
1212	24856436	54761306	0.004272565	0.054314022
1212	16007391	23725625	-0.001414534	0.002608194
1212	16007391	54761306	-0.034203602	-0.0162058
1212	16007391	24856436	-0.041557985	0.006648044
1212	118502708	24856436	-0.002833819	0.025305238
1212	135151360	23725625	0.013910363	0.023138934
1212	118502708	54761306	-0.015022545	0.015634121
1212	118502708	16007391	0.003524979	0.009829275
1212	54761306	23725625	-0.068664582	-0.056581678
1212	24856436	23725625	-0.046203762	-0.037464561
1212	24856436	54761306	-0.037884369	0.013314287
1212	16007391	23725625	-0.004230315	-0.000361172
1212	16007391	54761306	-0.019344987	-0.010239196
1212	16007391	24856436	-0.006333896	0.037363238
1212	118502708	24856436	-0.011026708	0.021486254
1212	135151360	23725625	0.05731145	0.064414199
1212	118502708	54761306	-0.001534628	0.028458426
1212	118502708	16007391	0.007778465	0.019420372
1212	135151360	24856436	-0.027713829	-0.013727108
1212	135151360	118502708	-0.050391754	-0.044788146
1212	135151360	54761306	-0.024517094	-0.000600644
1212	135151360	16007391	-0.02987385	-0.022270582
1212	46700756	23725625	-0.068742939	-0.058160794
1212	46700756	54761306	-0.074470976	-0.029384874
1212	46700756	24856436	-0.023287534	0.030569642
1212	46700756	118502708	-0.021650029	-0.014932561
1212	46700756	135151360	-0.039187173	-0.024375703
1212	46700756	104842	0.000294004	0.044156724
1212	104842	23725625	0.008742446	0.023034585
1212	31703	135151360	-0.013142325	0.004141104
1212	90132565	23725625	0.044409018	0.052087663
1212	104842	118502708	0.125150972	0.137264095
1212	3082962	23725625	-0.002566736	0.005218397
1212	135151360	24856436	-0.068874716	-0.059393562
1212	135151360	118502708	-0.013102704	-0.009252031
1212	135151360	54761306	-0.027947769	-0.002800859
1212	135151360	16007391	-0.02164722	-0.01627413
1212	46700756	23725625	-0.042455812	-0.033249252
1212	46700756	54761306	-0.083155335	-0.038143616
1212	46700756	24856436	-0.030008909	0.022289448
1212	46700756	118502708	-0.053162994	-0.046930107
1212	46700756	135151360	-0.033862805	-0.024310826
1212	46700756	104842	0.012892093	0.05765761
1212	104842	23725625	0.03343985	0.052490682
1212	31703	135151360	0.027882084	0.044450633
1212	90132565	23725625	0.031510564	0.041612838
1212	104842	118502708	0.114341133	0.130654058
1212	3082962	23725625	0.034935567	0.04165593
1212	54761306	23725625	-0.024744677	-0.014242239
1212	24856436	23725625	-0.057459057	-0.045622207
1212	24856436	54761306	0.007455502	0.05700431
1212	16007391	23725625	-0.003333129	0.000812508
1212	16007391	54761306	-0.055154905	-0.041762895
1212	16007391	24856436	-0.048712148	-0.039653363
1212	118502708	24856436	-0.043268469	-0.032753046
1212	135151360	23725625	-0.032744884	-0.027912197
1212	118502708	54761306	-0.028647102	-0.017301803
1212	118502708	16007391	-0.025326905	-0.020957407
1212	54761306	23725625	-0.021467655	-0.014173256
1212	24856436	23725625	-0.0466096	-0.033184044
1212	24856436	54761306	0.001437771	0.051297508
1212	16007391	23725625	-0.018425118	-0.013167195
1212	16007391	54761306	-0.0386109	-0.031404809
1212	16007391	24856436	-0.116433682	-0.107862629
1212	118502708	24856436	-0.078261979	-0.065414427
1212	135151360	23725625	-0.03762056	-0.032767986
1212	118502708	54761306	-0.05245142	-0.045329982
1212	118502708	16007391	-0.020311818	-0.016279875
1212	54761306	23725625	-0.023873563	-0.014762243
1212	24856436	23725625	-0.035047629	-0.023619696
1212	24856436	54761306	-0.048345185	0.005868271
1212	16007391	23725625	-0.003960856	0.000455426
1212	16007391	54761306	-0.049685017	-0.042557169
1212	16007391	24856436	-0.04869071	-0.039398133
1212	118502708	24856436	-0.052728872	-0.040723774
1212	135151360	23725625	-0.01855974	-0.014703821
1212	118502708	54761306	-0.015320335	-0.004999722
1212	118502708	16007391	-0.01513724	-0.011229536
1212	135151360	24856436	-0.004242107	0.014984182
1212	135151360	118502708	-6.07e-05	0.010134092
1212	135151360	54761306	-0.067084068	-0.054323912
1212	135151360	16007391	-0.001585214	0.006971144
1212	46700756	23725625	-0.077941282	-0.070353852
1212	46700756	54761306	-0.057614647	-0.02173952
1212	46700756	24856436	-0.052147266	-0.000108724
1212	46700756	118502708	-0.086128343	-0.079375585
1212	46700756	135151360	-0.041803456	-0.033971443
1212	31703	135151360	-0.029788752	-0.025317206
1212	90132565	23725625	-0.025999396	-0.022087533
1212	104842	118502708	-0.001642899	0.00578245
1212	3082962	23725625	-0.017699735	-0.011006121
1212	135151360	24856436	-0.031638945	-0.008115275
1212	135151360	118502708	0.021738996	0.029840396
1212	135151360	54761306	-0.04282554	-0.028521314
1212	135151360	16007391	0.015078212	0.020938264
1212	46700756	23725625	-0.075323487	-0.063525643
1212	46700756	54761306	-0.080957585	-0.042251884
1212	46700756	24856436	-0.100353319	-0.048268697
1212	46700756	118502708	-0.062561094	-0.055307024
1212	46700756	135151360	-0.03880773	-0.03181653
1212	31703	135151360	-0.032298997	-0.028186545
1212	90132565	23725625	-0.025479952	-0.021247542
1212	104842	118502708	-0.00944116	-0.00273036
1212	3082962	23725625	-0.035314166	-0.028645942
1212	135151360	24856436	-0.041720356	-0.027859656
1212	135151360	118502708	0.02855847	0.033041603
1212	135151360	54761306	-0.022097438	-0.01309169
1212	135151360	16007391	-0.005084338	0.000672558
1212	46700756	23725625	-0.121707696	-0.109728955
1212	46700756	54761306	-0.079678203	-0.044748529
1212	46700756	24856436	-0.054216078	-0.006593559
1212	46700756	118502708	-0.07024593	-0.063380843
1212	46700756	135151360	-0.052082346	-0.044838466
1212	31703	135151360	-0.025917017	-0.022105668
1212	90132565	23725625	-0.01958226	-0.015773102
1212	104842	118502708	-0.023046276	-0.016281446
1212	3082962	23725625	-0.031942751	-0.02529505
1212	54761306	23725625	0.00745825	0.014951853
1212	24856436	23725625	-0.015213942	0.006554047
1212	24856436	54761306	0.001227988	0.056905967
1212	16007391	23725625	0.053075429	0.059507572
1212	16007391	54761306	-0.055197979	-0.044368346
1212	16007391	24856436	-0.03309224	-0.024059523
1212	118502708	24856436	-0.01841586	-0.003149286
1212	135151360	23725625	-0.022774888	-0.018286407
1212	118502708	54761306	-0.037344867	-0.024421769
1212	118502708	16007391	0.010416942	0.015025903
1212	54761306	23725625	0.043195773	0.050956418
1212	24856436	23725625	-0.004305229	0.019671572
1212	24856436	54761306	-0.029060602	0.027384345
1212	16007391	23725625	0.029445548	0.037080085
1212	16007391	54761306	-0.023303626	-0.010007515
1212	16007391	24856436	-0.049688926	-0.040852918
1212	118502708	24856436	-0.043413775	-0.03319685
1212	135151360	23725625	-0.029368304	-0.024674579
1212	118502708	54761306	-0.025099385	-0.017653258
1212	118502708	16007391	-0.012522394	-0.00786636
1212	54761306	23725625	0.019044787	0.02640558
1212	24856436	23725625	-0.049082129	-0.029074157
1212	24856436	54761306	-0.020531078	0.035212167
1212	16007391	23725625	0.012887834	0.0224327
1212	16007391	54761306	-0.028091954	-0.011500684
1212	16007391	24856436	-0.035763154	-0.026847655
1212	118502708	24856436	-0.047521886	-0.03729079
1212	135151360	23725625	-0.026413177	-0.021058955
1212	118502708	54761306	-0.052657412	-0.045388339
1212	118502708	16007391	0.013988606	0.018229562
1212	135151360	24856436	0.017815837	0.043836208
1212	135151360	118502708	-0.018930337	-0.011586878
1212	135151360	54761306	0.032309726	0.048768757
1212	135151360	16007391	0.023343506	0.029817688
1212	46700756	23725625	-0.065093525	-0.058293854
1212	46700756	54761306	-0.034765055	0.008310589
1212	46700756	24856436	-0.017606114	0.038770753
1212	46700756	118502708	-0.051226969	-0.034521802
1212	46700756	135151360	-0.038192431	-0.022841343
1212	46700756	104842	-0.042484154	-0.001798581
1212	104842	23725625	0.03051429	0.037678055
1212	31703	135151360	-0.015019646	-0.002318888
1212	90132565	23725625	-0.022070136	-0.01805274
1212	104842	118502708	0.094738234	0.103884385
1212	3082962	23725625	0.009648485	0.016422816
1212	135151360	24856436	0.004758478	0.037954379
1212	135151360	118502708	0.050955341	0.056632009
1212	135151360	54761306	0.034373659	0.042374442
1212	135151360	16007391	0.058168254	0.06494823
1212	46700756	23725625	-0.09343659	-0.084695259
1212	46700756	54761306	-0.034913979	0.009786671
1212	46700756	24856436	0.018177302	0.07078693
1212	46700756	118502708	-0.052100602	-0.037114809
1212	46700756	135151360	-0.026992828	-0.00884773
1212	46700756	104842	-0.032834739	0.007369675
1212	104842	23725625	0.02029426	0.028534613
1212	31703	135151360	0.016316304	0.025729588
1212	90132565	23725625	-0.035647306	-0.030955717
1212	104842	118502708	0.044599271	0.062138185
1212	3082962	23725625	-0.015670867	-0.004624688
1212	135151360	24856436	0.017787886	0.050903547
1212	135151360	118502708	-0.004032484	0.004879445
1212	135151360	54761306	0.047956568	0.065921694
1212	135151360	16007391	0.050875231	0.057375398
1212	46700756	23725625	-0.078791	-0.071678424
1212	46700756	54761306	-0.045366035	-0.000898279
1212	46700756	24856436	-0.016191131	0.039156754
1212	46700756	118502708	-0.021441007	-0.006491781
1212	46700756	135151360	-0.052046387	-0.033374862
1212	46700756	104842	-0.033541565	0.005248286
1212	104842	23725625	0.060510014	0.067911833
1212	31703	135151360	-0.012622855	0.000318708
1212	90132565	23725625	-0.014077099	-0.010133705
1212	104842	118502708	0.072930115	0.090220434
1212	3082962	23725625	-0.006733179	0.000826478
1212	54761306	23725625	-0.0456135	-0.037527992
1212	24856436	23725625	-0.080768849	-0.06822383
1212	24856436	54761306	-0.003746282	0.05188714
1212	16007391	23725625	-0.001073614	0.006892179
1212	16007391	54761306	-0.033795402	-0.01472596
1212	16007391	24856436	-0.047564818	-0.032616607
1212	118502708	24856436	-0.053071999	-0.04228108
1212	135151360	23725625	-0.039502993	-0.033955883
1212	118502708	54761306	-0.017124789	-0.008279747
1212	118502708	16007391	0.000306234	0.004361848
1212	54761306	23725625	0.001326573	0.009289365
1212	24856436	23725625	-0.034293413	-0.021534105
1212	24856436	54761306	-0.016086442	0.042094101
1212	16007391	23725625	0.006212342	0.013044363
1212	16007391	54761306	-0.06123785	-0.043640843
1212	16007391	24856436	-0.064065538	-0.045496339
1212	118502708	24856436	-0.039415855	-0.029573555
1212	135151360	23725625	-0.044742249	-0.039279639
1212	118502708	54761306	-0.012643075	-0.005575917
1212	118502708	16007391	-0.014420545	-0.010011951
1212	54761306	23725625	-0.026415639	-0.017609962
1212	24856436	23725625	-0.070741795	-0.049378272
1212	24856436	54761306	-0.004682554	0.051599257
1212	16007391	23725625	0.015747373	0.021308002
1212	16007391	54761306	-0.006201242	0.00725125
1212	16007391	24856436	-0.023525502	-0.012812152
1212	118502708	24856436	-0.024266235	-0.014267752
1212	135151360	23725625	-0.022353405	-0.017426871
1212	118502708	54761306	-0.022359419	-0.012289143
1212	118502708	16007391	-0.015775439	-0.011792228
1212	135151360	24856436	0.010103834	0.049695188
1212	135151360	118502708	0.033241895	0.042160401
1212	135151360	54761306	-0.011101822	0.011217897
1212	135151360	16007391	-0.020064078	-0.001981502
1212	46700756	23725625	-0.071161123	-0.064812024
1212	46700756	54761306	-0.017055032	0.027313371
1212	46700756	24856436	0.003770002	0.064211812
1212	46700756	118502708	-0.0315793	-0.014443403
1212	46700756	135151360	0.008399728	0.024334139
1212	46700756	104842	-0.035330877	0.011921748
1212	104842	23725625	0.061055301	0.068630609
1212	31703	135151360	0.055237562	0.072123701
1212	90132565	23725625	-0.031506805	-0.026727178
1212	104842	118502708	0.068754672	0.078091899
1212	3082962	23725625	-0.032440503	-0.018741392
1212	135151360	24856436	-0.03409507	0.000451571
1212	135151360	118502708	0.00562395	0.015441518
1212	135151360	54761306	0.004032476	0.023566702
1212	135151360	16007391	0.031396187	0.046399074
1212	46700756	23725625	-0.06585156	-0.052067534
1212	46700756	54761306	-0.019531493	0.025485225
1212	46700756	24856436	-0.019473811	0.039110735
1212	46700756	118502708	-0.017279941	0.004507709
1212	46700756	135151360	-0.054207241	-0.036301727
1212	46700756	104842	-0.03201956	0.013151559
1212	104842	23725625	0.03959756	0.046642575
1212	31703	135151360	0.022441925	0.039519959
1212	90132565	23725625	-0.027674336	-0.02336905
1212	104842	118502708	0.058572893	0.074525564
1212	3082962	23725625	0.008374716	0.016104455
1212	135151360	24856436	-0.03442424	0.002687445
1212	135151360	118502708	0.033478574	0.043167051
1212	135151360	54761306	0.021300523	0.034843866
1212	135151360	16007391	0.048634337	0.05936987
1212	46700756	23725625	-0.069426337	-0.063299295
1212	46700756	54761306	-0.027337055	0.017220036
1212	46700756	24856436	0.011206778	0.069042011
1212	46700756	118502708	-0.02378184	-0.009053296
1212	46700756	135151360	-0.039430375	-0.019258506
1212	46700756	104842	-0.04945882	-0.004008242
1212	104842	23725625	0.053622443	0.062025068
1212	31703	135151360	0.019384463	0.035454884
1212	90132565	23725625	-0.030621714	-0.025968714
1212	104842	118502708	0.077178685	0.086697826
1212	3082962	23725625	0.018725661	0.02631037
1212	54761306	23725625	0.045858941	0.054055067
1212	24856436	23725625	-0.063428409	-0.045870982
1212	24856436	54761306	-7.23e-05	0.059496276
1212	16007391	23725625	0.002432926	0.017881282
1212	16007391	54761306	-0.108006367	-0.084982893
1212	16007391	24856436	-0.032543035	-0.02412851
1212	118502708	24856436	-0.042692966	-0.02494747
1212	135151360	23725625	-0.013194328	-0.009279818
1212	118502708	54761306	-0.020565322	-0.010676077
1212	118502708	16007391	-0.010968567	-0.005061361
1212	135151360	24856436	0.003887389	0.038611995
1212	135151360	118502708	0.045445346	0.05716261
1212	135151360	54761306	0.041055117	0.052980411
1212	135151360	16007391	0.078789427	0.091962266
1212	46700756	23725625	-0.119027218	-0.106593733
1212	46700756	54761306	-0.051001581	-0.003870859
1212	46700756	24856436	-0.026565537	0.032297089
1212	46700756	118502708	-0.017201551	0.009475777
1212	46700756	135151360	0.012846956	0.039963307
1212	46700756	104842	-0.046915288	-0.002316692
1212	104842	23725625	0.014019726	0.021080591
1212	31703	135151360	0.091598327	0.098359536
1212	90132565	23725625	-0.027688152	-0.023625308
1212	104842	118502708	0.089250567	0.097282419
1212	3082962	23725625	-0.04840163	-0.037503372
1212	135151360	24856436	0.013697213	0.044026159
1212	135151360	118502708	0.116863486	0.126269304
1212	135151360	54761306	0.015853149	0.028041297
1212	135151360	16007391	0.092427555	0.103905448
1212	46700756	23725625	-0.12053204	-0.111696428
1212	46700756	54761306	-0.053328472	-0.008427082
1212	46700756	24856436	-0.046009447	0.011506817
1212	46700756	118502708	-0.038484009	-0.00849343
1212	46700756	135151360	-0.087051974	-0.058849106
1212	46700756	104842	-0.069358525	-0.024908482
1212	104842	23725625	0.023370964	0.032174858
1212	31703	135151360	0.024685234	0.03498751
1212	90132565	23725625	-0.028308611	-0.024408795
1212	104842	118502708	0.062982994	0.073357752
1212	3082962	23725625	-0.004780294	0.000570387
1212	54761306	23725625	-0.00306327	0.010224359
1212	24856436	23725625	-0.010816278	0.001012845
1212	24856436	54761306	-0.0151945	0.04239144
1212	16007391	23725625	0.023162653	0.030957444
1212	16007391	54761306	-0.062322013	-0.045243587
1212	16007391	24856436	-0.036391078	-0.028009235
1212	118502708	24856436	-0.005513723	0.003020762
1212	135151360	23725625	-0.033303883	-0.027869647
1212	118502708	54761306	-0.042013948	-0.034471589
1212	118502708	16007391	-0.008588188	-0.004753319
1212	54761306	23725625	0.013451224	0.020961692
1212	24856436	23725625	-0.031887948	-0.015823168
1212	24856436	54761306	-0.023382315	0.034287157
1212	16007391	23725625	0.018589892	0.025476277
1212	16007391	54761306	-0.075873325	-0.056356791
1212	16007391	24856436	-0.07132636	-0.063151793
1212	118502708	24856436	-0.032938541	-0.024456688
1212	135151360	23725625	-0.043227308	-0.037365897
1212	118502708	54761306	-0.021626393	-0.014455242
1212	118502708	16007391	-0.01693508	-0.013124459
1212	135151360	24856436	-0.031388856	0.004273685
1212	135151360	118502708	0.041635347	0.04606033
1212	135151360	54761306	0.01522838	0.029057299
1212	135151360	16007391	0.081468294	0.086508143
1212	46700756	23725625	-0.055973069	-0.048539643
1212	46700756	54761306	-0.001891202	0.042038035
1212	46700756	24856436	-0.021696546	0.036885111
1212	46700756	118502708	-0.020292939	-0.011553162
1212	46700756	135151360	-0.013858305	-0.001224462
1212	46700756	104842	-0.045260068	-0.000478652
1212	104842	23725625	0.107044834	0.11562525
1212	31703	135151360	-0.002895984	0.011082731
1212	90132565	23725625	-0.022121574	-0.017588696
1212	104842	118502708	0.085401745	0.093436995
1212	3082962	23725625	0.020547262	0.027864706
1212	135151360	24856436	-0.013917305	0.014531846
1212	135151360	118502708	0.014954924	0.020197917
1212	135151360	54761306	0.041045423	0.050251339
1212	135151360	16007391	0.022154699	0.027649445
1212	46700756	23725625	-0.042519559	-0.033297436
1212	46700756	54761306	-0.021705439	0.023658696
1212	46700756	24856436	-0.030548236	0.029208346
1212	46700756	118502708	-0.050501414	-0.044253061
1212	46700756	135151360	-0.021138033	-0.013580821
1212	46700756	104842	-0.029160425	0.01512626
1212	104842	23725625	0.070871664	0.077957615
1212	31703	135151360	0.040771817	0.050230674
1212	90132565	23725625	-0.021932802	-0.01811494
1212	104842	118502708	0.057502349	0.065599028
1212	3082962	23725625	0.028532222	0.034949721
1212	135151360	24856436	-0.033402923	-0.000852106
1212	135151360	118502708	0.038289618	0.044169755
1212	135151360	54761306	0.020998321	0.039335648
1212	135151360	16007391	0.010892708	0.020418549
1212	46700756	23725625	-0.054349553	-0.038065549
1212	46700756	54761306	-0.022517259	0.022868348
1212	46700756	24856436	-0.026097219	0.029493266
1212	46700756	118502708	-0.033313155	-0.024180905
1212	46700756	135151360	-0.033146364	-0.021316174
1212	46700756	104842	-0.025275706	0.018986157
1212	104842	23725625	0.062188853	0.069296902
1212	31703	135151360	0.003499523	0.010158038
1212	90132565	23725625	-0.027206381	-0.023389945
1212	104842	118502708	0.06978793	0.080992932
1212	3082962	23725625	-0.005132022	0.001528943
1212	131634760	24856436	0.006431383	0.038253333
1212	131634760	118502708	0.010587576	0.019964468
1212	131634760	54761306	0.016466093	0.028265421
1212	131634760	16007391	0.036614628	0.046383076
1212	131634760	135151360	-0.007670425	0.005632058
1212	131634760	25227436	0.001548708	0.0107412
1212	131634760	52913813	0.032870278	0.046714698
1212	131634760	10127622	0.022622721	0.047723035
1212	131634760	49846579	-0.007620888	0.007765592
1212	86661883	54761306	-0.011086596	0.012185744
1212	86661883	24856436	0.005498775	0.01811194
1212	86661883	118502708	0.004271728	0.010986875
1212	86661883	25227436	-0.020891408	-0.01158186
1212	86661883	16007391	0.008307633	0.015096159
1212	86661883	135151360	-0.076891874	-0.066144573
1212	131634760	24856436	-0.007614013	0.008933756
1212	131634760	118502708	0.022944153	0.031557967
1212	131634760	54761306	0.02109644	0.032583694
1212	131634760	16007391	0.020852734	0.030371207
1212	131634760	135151360	-0.001072056	0.009524171
1212	131634760	25227436	-0.023419328	-0.013132266
1212	131634760	52913813	-0.041197666	-0.021521104
1212	131634760	10127622	-0.000980098	0.019410201
1212	131634760	49846579	-0.016238467	-0.000585516
1212	86661883	54761306	0.024393282	0.043624889
1212	86661883	24856436	0.004973848	0.017628436
1212	86661883	118502708	-0.007360599	0.000621559
1212	86661883	25227436	-0.032949258	-0.023696033
1212	86661883	16007391	-0.02350728	-0.013899429
1212	86661883	135151360	-0.025200679	-0.016571338
1212	86661883	10127622	0.009719541	0.026401073
1212	86661883	52913813	0.009707643	0.021164428
1212	49846579	54761306	-0.013450321	0.011775696
1212	49846579	24856436	0.053148561	0.068143079
1212	49846579	16007391	-0.027971131	-0.014888553
1212	49846579	118502708	-0.005057445	0.005031904
1212	49846579	135151360	-0.027898501	-0.013086443
1212	49846579	25227436	0.032751258	0.045165334
1212	49846579	52913813	-0.036015425	-0.028478803
1212	11707110	51001932	0.098167188	0.150563189
1212	49846579	24771867	0.006737444	0.018090171
1212	49846579	10127622	-0.026745221	-0.014089084
1212	46700756	104842	0.04117034	0.088071615
1212	86661883	10127622	0.009529934	0.032028627
1212	86661883	52913813	0.012982232	0.024574196
1212	49846579	54761306	-0.07906703	-0.046184271
1212	49846579	24856436	0.08897946	0.107926873
1212	49846579	16007391	0.029354598	0.039351754
1212	49846579	118502708	0.026281961	0.040132443
1212	49846579	135151360	0.024829226	0.03604582
1212	49846579	25227436	-0.028707989	-0.010584226
1212	49846579	52913813	-0.025492618	-0.018906057
1212	11707110	51001932	0.03638283	0.094609075
1212	49846579	24771867	-0.035604663	-0.022975912
1212	49846579	10127622	-0.038670673	-0.027362675
1212	46700756	104842	0.016904415	0.066927826
1212	86661883	10127622	0.094982992	0.116881192
1212	86661883	52913813	0.02077583	0.033657516
1212	49846579	54761306	-0.01193362	0.017281666
1212	49846579	24856436	0.060982091	0.07367376
1212	49846579	16007391	0.001219606	0.015840492
1212	49846579	118502708	-0.039812383	-0.018404524
1212	49846579	135151360	0.010004285	0.02215027
1212	49846579	25227436	-0.003178678	0.010560779
1212	49846579	52913813	-0.015653412	-0.008470238
1212	11707110	51001932	0.036483332	0.09257681
1212	49846579	24771867	0.026686849	0.03893026
1212	49846579	10127622	-0.036364983	-0.024937062
1212	46700756	104842	0.122667647	0.173401584
1212	131634760	24856436	-0.018442616	0.016558726
1212	131634760	118502708	0.00776247	0.026766141
1212	131634760	54761306	0.002399249	0.01390754
1212	131634760	16007391	0.047605734	0.064775694
1212	131634760	135151360	-0.019477957	-0.005960841
1212	131634760	25227436	-0.016374149	-0.007284012
1212	131634760	52913813	-0.042473467	-0.026288237
1212	131634760	10127622	-0.02094708	-0.003205716
1212	131634760	49846579	-0.034832397	-0.022714944
1212	86661883	54761306	-0.007263321	0.015053836
1212	86661883	24856436	-0.007901452	0.004363457
1212	86661883	118502708	-0.03268075	-0.02546797
1212	86661883	25227436	-0.0378674	-0.029517771
1212	86661883	16007391	-0.007646559	-0.000295703
1212	86661883	135151360	-0.037380053	-0.02922083
1212	131634760	24856436	-0.02759757	0.006317722
1212	131634760	118502708	0.021488611	0.033351982
1212	131634760	54761306	0.005449661	0.01928137
1212	131634760	16007391	0.031319359	0.048669992
1212	131634760	135151360	-0.059103916	-0.043729979
1212	131634760	25227436	-0.017733214	-0.008935932
1212	131634760	52913813	0.010933291	0.021911441
1212	131634760	10127622	-0.06072844	-0.035321029
1212	131634760	49846579	0.013561169	0.021315623
1212	86661883	54761306	-0.032621951	-0.007681126
1212	86661883	24856436	-0.022593206	-0.010575551
1212	86661883	118502708	-0.024662984	-0.016743284
1212	86661883	25227436	-0.045345951	-0.036226869
1212	86661883	16007391	-0.039329144	-0.029503059
1212	86661883	135151360	-0.029254634	-0.020720501
1212	131634760	24856436	-0.043890425	-0.008481035
1212	131634760	118502708	-0.016552458	-0.002523262
1212	131634760	54761306	0.007840463	0.023708043
1212	131634760	16007391	0.018407757	0.036088328
1212	131634760	135151360	0.001238927	0.009698525
1212	131634760	25227436	0.024896498	0.032884041
1212	131634760	52913813	-0.017496041	-0.005254096
1212	131634760	10127622	0.062743545	0.086271815
1212	131634760	49846579	-0.001477476	0.007305829
1212	86661883	54761306	-0.011108981	0.009618407
1212	86661883	24856436	0.025744897	0.038080679
1212	86661883	118502708	0.001033054	0.008622976
1212	86661883	25227436	-0.025393083	-0.017389105
1212	86661883	16007391	0.025432434	0.032888759
1212	86661883	135151360	-0.018999674	-0.011866762
1212	86661883	10127622	0.019984406	0.035958448
1212	86661883	52913813	0.019978476	0.030368043
1212	49846579	54761306	-0.030116837	-0.003635802
1212	49846579	24856436	0.085238617	0.097697432
1212	49846579	16007391	-0.008439223	0.001743407
1212	49846579	118502708	-0.021174197	-0.006387514
1212	49846579	135151360	-0.015294809	-0.003857419
1212	49846579	25227436	-0.074867708	-0.058235266
1212	49846579	52913813	-0.030057282	-0.020887917
1212	11707110	51001932	0.011207812	0.06846514
1212	49846579	24771867	0.004629418	0.016215047
1212	49846579	10127622	-0.04112506	-0.028995517
1212	46700756	104842	-0.002530276	0.056740979
1212	86661883	10127622	-0.019830954	0.005569599
1212	86661883	52913813	0.002064594	0.013892121
1212	49846579	54761306	0.02723731	0.04617376
1212	49846579	24856436	0.007985888	0.02990284
1212	49846579	16007391	-0.03264681	-0.024943923
1212	49846579	118502708	-0.034912916	-0.027519784
1212	49846579	135151360	-0.033918698	-0.026673246
1212	49846579	25227436	-0.029285672	-0.019091299
1212	49846579	52913813	-0.013080056	-0.006032513
1212	11707110	51001932	0.01506717	0.066102914
1212	49846579	24771867	0.022343635	0.033239893
1212	49846579	10127622	0.007889498	0.030627088
1212	46700756	104842	0.007614361	0.066205955
1212	86661883	10127622	0.014625205	0.044638774
1212	86661883	52913813	-0.004445433	0.014858957
1212	49846579	54761306	0.00187082	0.031132353
1212	49846579	24856436	0.043554765	0.064823919
1212	49846579	16007391	0.011010041	0.026797793
1212	49846579	118502708	-0.022817221	-0.004787146
1212	49846579	135151360	-0.05546038	-0.03626553
1212	49846579	25227436	-0.013549445	-0.002545941
1212	49846579	52913813	-0.020040148	-0.012736796
1212	11707110	51001932	-0.003064617	0.054816542
1212	49846579	24771867	0.001603899	0.012989958
1212	49846579	10127622	0.00322235	0.015130954
1212	46700756	104842	-0.008695853	0.053191969
1212	131634760	24856436	-0.004922144	0.044424607
1212	131634760	118502708	-0.025371139	0.005153374
1212	131634760	54761306	0.017057573	0.031479337
1212	131634760	16007391	0.056958783	0.081086124
1212	131634760	135151360	0.022050532	0.034538701
1212	131634760	25227436	0.022093988	0.032543947
1212	131634760	52913813	-0.001777183	0.012509339
1212	131634760	10127622	0.011370058	0.027849648
1212	131634760	49846579	-0.022396981	-0.011039754
1212	86661883	54761306	-0.008938038	0.007301035
1212	86661883	24856436	0.025144578	0.037492392
1212	86661883	118502708	-0.029736023	-0.020634483
1212	86661883	25227436	-0.044373143	-0.034055229
1212	86661883	16007391	-0.021132984	-0.010707789
1212	86661883	135151360	-0.037834368	-0.028447409
1212	86661883	10127622	0.066546549	0.085642802
1212	86661883	52913813	0.049141867	0.06984886
1212	49846579	54761306	-0.000521125	0.044168452
1212	49846579	24856436	0.07719248	0.093425293
1212	49846579	16007391	0.000758789	0.020808452
1212	49846579	118502708	0.067649186	0.084260043
1212	49846579	135151360	-0.059613551	-0.04259194
1212	49846579	25227436	-0.111222276	-0.085174896
1212	49846579	52913813	-0.000686938	0.0069995
1212	11707110	51001932	0.055375251	0.116788045
1212	49846579	24771867	-0.015598662	-0.003560819
1212	49846579	10127622	-0.026057877	-0.008004
1212	46700756	104842	0.009508985	0.072280708
1212	86661883	10127622	-0.02741319	-0.003332493
1212	86661883	52913813	0.035738348	0.049902525
1212	49846579	54761306	-0.030750276	0.010363289
1212	49846579	24856436	0.040632575	0.06147481
1212	49846579	16007391	0.000389023	0.013720748
1212	49846579	118502708	0.003661211	0.021160548
1212	49846579	135151360	-0.011091839	0.005589283
1212	49846579	25227436	-0.082278969	-0.059660881
1212	49846579	52913813	-0.010518329	-0.003559327
1212	11707110	51001932	0.061544437	0.125527164
1212	49846579	24771867	0.020476353	0.033232468
1212	49846579	10127622	-0.018537045	-0.002942305
1212	46700756	104842	-0.005434887	0.057524406
1212	86661883	10127622	0.021397126	0.041482321
1212	86661883	52913813	-0.002196796	0.024614275
1212	49846579	54761306	-0.058785429	-0.012063418
1212	49846579	24856436	0.037605864	0.057944822
1212	49846579	16007391	0.012041848	0.027346962
1212	49846579	118502708	-0.023622777	0.003532187
1212	49846579	135151360	-0.038196002	-0.022146884
1212	49846579	25227436	-0.118281635	-0.088075796
1212	49846579	52913813	-0.011505475	-0.004316711
1212	11707110	51001932	0.01710583	0.077220425
1212	49846579	24771867	0.03992555	0.052464283
1212	49846579	10127622	-0.023011835	-0.011222403
1212	46700756	104842	0.01811067	0.080324368
1212	131634760	24856436	0.021659808	0.059028329
1212	131634760	118502708	0.026749523	0.036913807
1212	131634760	54761306	-0.004960073	0.006065589
1212	131634760	16007391	0.080053788	0.088740352
1212	131634760	135151360	0.013918226	0.024897958
1212	131634760	25227436	-0.007508695	0.001007865
1212	131634760	52913813	-0.004788012	0.005782854
1212	131634760	10127622	-0.023196206	-0.010549872
1212	131634760	49846579	-0.009298516	0.000305936
1212	86661883	54761306	0.028421932	0.041072377
1212	86661883	24856436	0.018645575	0.030822384
1212	86661883	118502708	-0.029358611	-0.022107299
1212	86661883	25227436	-0.045862826	-0.0369832
1212	86661883	16007391	-0.007373993	-0.000991488
1212	86661883	135151360	-0.013855177	-0.007507141
1212	131634760	24856436	0.010666519	0.044564488
1212	131634760	118502708	0.001246271	0.012823429
1212	131634760	54761306	0.04331419	0.054521531
1212	131634760	16007391	0.084499568	0.093614342
1212	131634760	135151360	0.020025707	0.026815323
1212	131634760	25227436	-0.007729053	0.000179721
1212	131634760	52913813	-0.040636058	-0.024478305
1212	131634760	10127622	-0.076872963	-0.046450844
1212	131634760	49846579	0.022003937	0.031153098
1212	86661883	54761306	-0.011033374	0.016100211
1212	86661883	24856436	0.007010556	0.019133767
1212	86661883	118502708	-0.037328212	-0.026427812
1212	86661883	25227436	-0.038206262	-0.029213821
1212	86661883	16007391	-0.00691085	0.002532985
1212	86661883	135151360	-0.033683929	-0.024997528
1212	86661883	10127622	0.070834544	0.093774814
1212	86661883	52913813	0.050774627	0.060642244
1212	49846579	54761306	-0.053635137	-0.012852734
1212	49846579	24856436	-0.018237602	-0.005557361
1212	49846579	16007391	-0.0070481	0.007453555
1212	49846579	118502708	-0.004931092	0.013239087
1212	49846579	135151360	0.00768666	0.022463166
1212	49846579	25227436	-0.056088082	-0.039391936
1212	49846579	52913813	-0.038743615	-0.030094226
1212	11707110	51001932	0.038996945	0.096831003
1212	49846579	24771867	-0.013741229	-0.002185889
1212	49846579	10127622	-0.024686568	-0.01306621
1212	46700756	104842	-0.020100209	0.042703545
1212	86661883	10127622	0.023371014	0.045328698
1212	86661883	52913813	0.001678311	0.021553001
1212	49846579	54761306	-0.040023072	-0.009360926
1212	49846579	24856436	-0.027796878	-0.016547307
1212	49846579	16007391	0.001998753	0.015585379
1212	49846579	118502708	-0.017255996	-0.007308183
1212	49846579	135151360	0.009344563	0.018581276
1212	49846579	25227436	-0.025438753	-0.015368485
1212	49846579	52913813	-0.023743834	-0.017159808
1212	11707110	51001932	0.057549072	0.113333672
1212	49846579	24771867	-0.043471598	-0.026924693
1212	49846579	10127622	-0.050298811	-0.03907369
1212	46700756	104842	0.04597526	0.113985178
1212	86661883	10127622	0.005445175	0.037446662
1212	86661883	52913813	-0.002202116	0.014726244
1212	49846579	54761306	-0.021517587	0.003606295
1212	49846579	24856436	-0.024259091	-0.012819368
1212	49846579	16007391	-0.00378473	0.005496514
1212	49846579	118502708	-0.000401896	0.01039277
1212	49846579	135151360	0.026253816	0.034768935
1212	49846579	25227436	-0.06155653	-0.049649345
1212	49846579	52913813	-0.036606199	-0.02964535
1212	11707110	51001932	0.065054928	0.122309257
1212	49846579	24771867	0.039092869	0.049857338
1212	49846579	10127622	-0.014093082	-0.002645172
1212	46700756	104842	0.028919756	0.096959948
1212	86661883	10127622	0.029619602	0.057391741
1212	86661883	52913813	-0.016212936	0.002248019
1212	49846579	54761306	-0.02064124	0.002967311
1212	49846579	24856436	-0.008286752	0.003380355
1212	49846579	16007391	0.004936213	0.015607274
1212	49846579	118502708	-0.008056491	0.00157452
1212	49846579	135151360	-0.017024377	-0.003281271
1212	49846579	25227436	-0.040997215	-0.028942422
1212	49846579	52913813	-0.028875785	-0.022508061
1212	11707110	51001932	0.05887991	0.116995349
1212	49846579	24771867	-0.016106056	-0.004441681
1212	49846579	10127622	-0.044489494	-0.033238781
1212	46700756	104842	0.025670751	0.093610148
1212	131634760	24856436	0.036747551	0.060103566
1212	131634760	118502708	0.00129991	0.017227515
1212	131634760	54761306	0.04616993	0.057877383
1212	131634760	16007391	0.049780565	0.062679432
1212	131634760	135151360	0.005130974	0.017347435
1212	131634760	25227436	-0.00710926	0.001741726
1212	131634760	52913813	-0.011359136	0.000903413
1212	131634760	10127622	-0.012459252	0.004090111
1212	131634760	49846579	0.010614485	0.019860586
1212	86661883	54761306	-0.012789909	0.013712804
1212	86661883	24856436	0.001420243	0.013363152
1212	86661883	118502708	-0.029769769	-0.021482508
1212	86661883	25227436	-0.04351839	-0.034495352
1212	86661883	16007391	0.009244981	0.015864637
1212	86661883	135151360	-0.018844329	-0.011835603
1212	131634760	24856436	0.052116241	0.073946543
1212	131634760	118502708	0.006011396	0.017638631
1212	131634760	54761306	0.00454705	0.019281139
1212	131634760	16007391	0.068163933	0.07749939
1212	131634760	135151360	0.00504295	0.015533023
1212	131634760	25227436	-0.018625928	-0.009818683
1212	131634760	52913813	-0.020390825	-0.009379295
1212	131634760	10127622	-0.005984423	0.014748976
1212	131634760	49846579	0.000395425	0.009221165
1212	86661883	54761306	-0.002281019	0.015245025
1212	86661883	24856436	-0.005165652	0.006685353
1212	86661883	118502708	-0.023792761	-0.017335011
1212	86661883	25227436	-0.033842421	-0.025841904
1212	86661883	16007391	-0.011117018	-0.003356988
1212	86661883	135151360	-0.032801456	-0.025027367
1212	131634760	24856436	0.01148866	0.043331135
1212	131634760	118502708	0.005625325	0.018961585
1212	131634760	54761306	0.041171761	0.052988684
1212	131634760	16007391	0.06396101	0.074577345
1212	131634760	135151360	-0.01961458	-0.004573839
1212	131634760	25227436	0.007840153	0.016176251
1212	131634760	52913813	-0.014599885	-0.003500367
1212	131634760	10127622	-0.033144975	-0.016717814
1212	131634760	49846579	-0.012256431	0.000988928
1212	86661883	54761306	-0.055175705	-0.025464677
1212	86661883	24856436	0.017045282	0.029090764
1212	86661883	118502708	-0.020339932	-0.012644756
1212	86661883	25227436	-0.017876167	-0.011125076
1212	86661883	16007391	-0.004427903	0.003118744
1212	86661883	135151360	-0.034149326	-0.02621132
1212	86661883	10127622	0.036392775	0.061928967
1212	86661883	52913813	0.055592706	0.067617325
1212	49846579	54761306	-0.046526279	-0.026543014
1212	49846579	24856436	-0.031375676	-0.018725407
1212	49846579	16007391	0.01590766	0.027326253
1212	49846579	118502708	-0.017502428	-0.004516836
1212	49846579	135151360	0.017375883	0.027904264
1212	49846579	25227436	-0.01972508	-0.005440347
1212	49846579	52913813	-0.005561881	0.001693534
1212	11707110	51001932	0.078527482	0.137802626
1212	49846579	24771867	0.009866728	0.027344292
1212	49846579	10127622	0.010153183	0.023159879
1212	46700756	104842	0.051052413	0.117262247
1212	86661883	10127622	0.044324728	0.064555004
1212	86661883	52913813	0.016179584	0.033842984
1212	49846579	54761306	0.002042362	0.033523699
1212	49846579	24856436	-0.000353706	0.012765529
1212	49846579	16007391	0.022753532	0.029749569
1212	49846579	118502708	-0.030258549	-0.011669937
1212	49846579	135151360	0.053132781	0.062774478
1212	49846579	25227436	-0.007343155	0.006049234
1212	49846579	52913813	0.002565996	0.009589401
1212	11707110	51001932	0.036531907	0.09547788
1212	49846579	24771867	0.012323076	0.030560891
1212	49846579	10127622	-0.022289701	0.003216072
1212	46700756	104842	0.018559466	0.083275005
1212	86661883	10127622	0.027907148	0.050633698
1212	86661883	52913813	0.059221798	0.06821097
1212	49846579	54761306	0.00131827	0.026663307
1212	49846579	24856436	-0.000575423	0.012851203
1212	49846579	16007391	-0.010054618	0.00066493
1212	49846579	118502708	0.037382484	0.046984762
1212	49846579	135151360	0.016727403	0.031115321
1212	49846579	25227436	-0.032498855	-0.018132069
1212	49846579	52913813	-0.03740792	-0.028712147
1212	11707110	51001932	0.018615753	0.075497183
1212	49846579	24771867	-0.026693328	-0.000256246
1212	49846579	10127622	-0.051382315	-0.040244993
1212	46700756	104842	-0.001822651	0.065001462
1212	131634760	24856436	-0.004504397	0.037616609
1212	131634760	118502708	0.026431447	0.038571226
1212	131634760	54761306	0.029203275	0.040588069
1212	131634760	16007391	0.117652041	0.127186497
1212	131634760	135151360	0.004886563	0.01967091
1212	131634760	25227436	-0.011389537	-0.001846043
1212	131634760	52913813	0.018792477	0.031146179
1212	131634760	10127622	-0.019654227	-0.002459222
1212	131634760	49846579	0.03427709	0.045086459
1212	86661883	54761306	0.014678291	0.029464531
1212	86661883	24856436	0.045075752	0.057869358
1212	86661883	118502708	-0.011148323	-0.004282917
1212	86661883	25227436	-0.033099976	-0.023655871
1212	86661883	16007391	-0.001191734	0.005826897
1212	86661883	135151360	-0.015130541	-0.008232407
1212	131634760	24856436	0.003828293	0.037909072
1212	131634760	118502708	0.027922606	0.04180765
1212	131634760	54761306	0.030771848	0.046659409
1212	131634760	16007391	0.108322897	0.118621897
1212	131634760	135151360	0.02390135	0.036023531
1212	131634760	25227436	-0.035719744	-0.024585894
1212	131634760	52913813	-0.011996184	0.004758201
1212	131634760	10127622	0.031024869	0.044177532
1212	131634760	49846579	0.020807528	0.033138472
1212	86661883	54761306	0.001724047	0.01942527
1212	86661883	24856436	0.010243727	0.022739944
1212	86661883	118502708	-0.036979821	-0.027809697
1212	86661883	25227436	-0.048294964	-0.039507319
1212	86661883	16007391	-0.004452101	0.002107046
1212	86661883	135151360	-0.020201649	-0.013030171
1212	131634760	24856436	0.022345321	0.061505601
1212	131634760	118502708	0.002738179	0.026492919
1212	131634760	54761306	0.026364516	0.042586936
1212	131634760	16007391	0.113820109	0.126148639
1212	131634760	135151360	0.023416077	0.03671056
1212	131634760	25227436	-0.029213643	-0.018696007
1212	131634760	52913813	0.010461406	0.024678477
1212	131634760	10127622	0.02533923	0.04671764
1212	131634760	49846579	-0.031570174	-0.012492608
1212	86661883	54761306	-0.016834268	0.013419398
1212	86661883	24856436	0.001009625	0.01359602
1212	86661883	118502708	0.000791103	0.007794994
1212	86661883	25227436	-0.030351628	-0.019562599
1212	86661883	16007391	0.001768854	0.00881961
1212	86661883	135151360	-0.031372121	-0.022672513
1212	86661883	10127622	-0.019971749	0.006337297
1212	86661883	52913813	-0.002630668	0.00867205
1212	49846579	54761306	-0.04363419	-0.020682049
1212	49846579	24856436	0.016230774	0.029167992
1212	49846579	16007391	0.007949479	0.016565826
1212	49846579	118502708	-0.021955539	-0.008881234
1212	49846579	135151360	0.017152778	0.028473094
1212	49846579	25227436	-0.037976585	-0.023122137
1212	49846579	52913813	-0.030845403	-0.024233622
1212	11707110	51001932	0.052643397	0.114773006
1212	49846579	24771867	-0.00934907	0.004594604
1212	49846579	10127622	-0.012928449	-0.001543999
1212	46700756	104842	0.053868797	0.116180224
1212	86661883	10127622	-0.001384917	0.017112897
1212	86661883	52913813	0.006170503	0.020665557
1212	49846579	54761306	-0.067607595	-0.029009837
1212	49846579	24856436	-0.030959368	-0.017952261
1212	49846579	16007391	0.001776677	0.010560002
1212	49846579	118502708	-0.008589328	0.004210431
1212	49846579	135151360	0.002520053	0.013476257
1212	49846579	25227436	-0.051155194	-0.035458372
1212	49846579	52913813	-0.02849959	-0.021812726
1212	11707110	51001932	0.079188841	0.133986147
1212	49846579	24771867	-0.01201298	-0.001032031
1212	49846579	10127622	-0.071228298	-0.059602497
1212	46700756	104842	0.089550096	0.151215789
1212	86661883	10127622	-0.02510283	0.001368177
1212	86661883	52913813	-0.021694196	-0.001302567
1212	49846579	54761306	-0.013660607	0.004011273
1212	49846579	24856436	-0.027911101	-0.015259269
1212	49846579	16007391	-0.014152068	-0.00420981
1212	49846579	118502708	0.014555519	0.025915907
1212	49846579	135151360	0.022812715	0.031896862
1212	49846579	25227436	-0.014261654	-0.003640096
1212	49846579	52913813	-0.031368138	-0.024907903
1212	11707110	51001932	0.06713742	0.124884652
1212	49846579	24771867	-0.021414717	-0.009818592
1212	49846579	10127622	-0.045831616	-0.034370339
1212	46700756	104842	0.016243604	0.078938401
1212	131634760	24856436	-0.025664098	-0.004379237
1212	131634760	118502708	0.04731267	0.055065363
1212	131634760	54761306	0.007358605	0.020016486
1212	131634760	16007391	0.010890434	0.023992595
1212	131634760	135151360	-0.003028634	0.00836583
1212	131634760	25227436	3.53e-05	0.006517059
1212	131634760	52913813	-0.030701618	-0.019848413
1212	131634760	10127622	-0.042690283	-0.02366831
1212	131634760	49846579	-0.0314858	-0.016665661
1212	86661883	54761306	0.005221375	0.024308953
1212	86661883	24856436	0.007659079	0.020554965
1212	86661883	118502708	-0.042648883	-0.033739251
1212	86661883	25227436	-0.018230025	-0.010787878
1212	86661883	16007391	-0.013452434	-0.006692128
1212	86661883	135151360	-0.007793174	-0.000177585
1212	131634760	24856436	-0.021452867	0.002133501
1212	131634760	118502708	0.012916555	0.022826663
1212	131634760	54761306	-0.031132546	-0.018405098
1212	131634760	16007391	0.045880659	0.053422621
1212	131634760	135151360	0.005251634	0.01392334
1212	131634760	25227436	-0.016271035	-0.00757536
1212	131634760	52913813	-0.01670635	-0.007002993
1212	131634760	10127622	0.014233162	0.02720843
1212	131634760	49846579	0.018838032	0.02628613
1212	86661883	54761306	0.000648935	0.013789587
1212	86661883	24856436	0.00274357	0.015629846
1212	86661883	118502708	-0.010486295	-0.002736913
1212	86661883	25227436	-0.026012572	-0.017249972
1212	86661883	16007391	-0.009377717	-0.002113363
1212	86661883	135151360	-0.038681406	-0.0291661
1212	131634760	24856436	-0.04618561	-0.01093165
1212	131634760	118502708	-0.015568847	-0.002191448
1212	131634760	54761306	-0.001600264	0.00972934
1212	131634760	16007391	0.048044054	0.05639222
1212	131634760	135151360	-0.038130987	-0.021755175
1212	131634760	25227436	-0.022327298	-0.013701244
1212	131634760	52913813	-0.010562926	0.001519869
1212	131634760	10127622	0.023804956	0.040108674
1212	131634760	49846579	0.021197871	0.028680612
1212	86661883	54761306	0.020009598	0.032772631
1212	86661883	24856436	-0.002006245	0.010951004
1212	86661883	118502708	-0.007140381	0.000557223
1212	86661883	25227436	-0.012953093	-0.00620863
1212	86661883	16007391	-0.039476489	-0.030883
1212	86661883	135151360	-0.012477307	-0.005625482
1212	118693659	24856436	-0.0521740683627501	0.0429666363289455
1212	118693659	131634760	-0.0156791083099376	-0.000592604875734784
1212	118693659	54761306	-0.0226526728264632	0.0572904394378424
1212	118693659	16007391	-0.0342912119118785	-0.0049721406735264
1212	118693659	49846579	-0.0558751648001791	-0.027240179846003
1212	118693659	86661883	-0.0174208857070108	0.0040684080500037
1212	118693659	10127622	-0.0554726243119386	0.0292439842586302
1212	68289010	131634760	-0.0346818117513273	-0.0250652065822717
1212	68289010	86661883	-0.0410140359047396	-0.0311560981328372
1212	68289010	49846579	-0.0356072595339014	-0.0260701014294527
1212	10127622	54761306	-0.0146770951850684	0.0633767970993204
1212	10127622	16007391	-0.0420296360420669	-0.0237444439958909
1212	123631	126689157	-0.046212732677895	-0.0326656180782539
1212	10127622	24856436	-0.0559196912518733	0.0405628807193968
1212	10127622	126689157	-0.0525627279657799	-0.0379001044211547
1212	118693659	24856436	-0.0355585490689604	0.0578631179271454
1212	118693659	131634760	-0.0299573361723143	-0.0130991258542577
1212	118693659	54761306	-0.0374789573853893	0.0437089128880624
1212	118693659	16007391	-0.0277036908362655	0.0053914357704789
1212	118693659	49846579	-0.0302776529270092	-0.0104129766808531
1212	118693659	86661883	-0.0043841377292768	0.0217963271831005
1212	118693659	10127622	-0.0254548510551796	0.0545434793991407
1212	68289010	131634760	-0.0628703419674185	-0.0467383294368432
1212	68289010	86661883	-0.035425173767334	-0.0260699007880589
1212	68289010	49846579	-0.0472664371465126	-0.0352771529627005
1212	10127622	54761306	-0.0169086448379799	0.0606375176577546
1212	10127622	16007391	-0.0225072672019414	-0.0039954352341451
1212	123631	126689157	-0.0563655183868691	-0.0427567713185055
1212	10127622	24856436	-0.0397224175317149	0.0526825386658927
1212	10127622	126689157	-0.0293191273604062	-0.0145280789824119
1212	118693659	24856436	-0.0521376708715894	0.0449133622528917
1212	118693659	131634760	-0.0221669245242476	-0.0056556383466107
1212	118693659	54761306	-0.0370777225747156	0.0447390092057864
1212	118693659	16007391	-0.0520975693560874	-0.0186299601069508
1212	118693659	49846579	-0.0272303039233128	-0.0082128025726297
1212	118693659	86661883	-0.0129867170951029	0.0032254384274522
1212	118693659	10127622	-0.0506203788347418	0.0334535699658643
1212	68289010	131634760	-0.0492398168952703	-0.037120543867593
1212	68289010	86661883	-0.0350324417941048	-0.025680764793
1212	68289010	49846579	-0.0313982663842299	-0.0212959022582091
1212	10127622	54761306	-0.0464519082996937	0.0341345861129393
1212	10127622	16007391	-0.0150512542965967	0.002765764621788
1212	123631	126689157	-0.0614430137237942	-0.0468609849370515
1212	10127622	24856436	-0.0504328823714199	0.0451370560671999
1212	10127622	126689157	-0.028172055096785	-0.0134447541213641
1212	25227436	16007391	-0.0288856011613674	-0.0049480322440826
1212	25227436	54761306	-0.0501769164831288	-0.0041563372748582
1212	25227436	126689157	-0.0289171835454604	-0.0046840430170886
1212	25227436	118693659	-0.0139151704904993	0.0348701051174648
1212	25227436	5330286	-0.000532985758339218	0.0486195264771265
1212	25227436	10127622	-0.0084586024131222	0.0338649398862614
1212	5330286	131634760	-0.0085452767886722	0.0053209878435756
1212	5330286	86661883	-0.0270624145303415	-0.0119432107476637
1212	5330286	49846579	-0.001327380356185	0.0208372400981604
1212	208908	11626560	-0.0486215522562205	0.0073862644207316
1212	3062316	11707110	0.0863208863117531	0.120578271419547
1212	5330286	10127622	0.0148518610066912	0.0687516311070323
1212	25227436	16007391	-0.0160201374247787	0.0030068352719161
1212	25227436	54761306	-0.0353746826242828	0.0063306544304258
1212	25227436	126689157	-0.0634634397169189	-0.0388226774262559
1212	25227436	118693659	0.0199892120322857	0.0720073625714576
1212	25227436	5330286	-0.0168494242181713	0.0339477565883369
1212	25227436	10127622	-0.0227145646577272	0.0151997709602331
1212	5330286	131634760	-0.0125443137360567	0.0016202616300546
1212	5330286	86661883	-0.0190144317672245	-0.0028297424188445
1212	5330286	49846579	-0.0375909818164742	-0.0192888378978535
1212	208908	11626560	-0.0541018631498696	0.000151559452281483
1212	3062316	11707110	0.0945259023730963	0.125758427401175
1212	5330286	10127622	0.0286308156865567	0.069767941007859
1212	25227436	16007391	0.000510263715010095	0.0200966423654184
1212	25227436	54761306	-0.0389094285966587	0.0154401583795832
1212	25227436	126689157	-0.0171949170636952	-0.0020779071681275
1212	25227436	118693659	0.038878729575251	0.0828540874092316
1212	25227436	5330286	0.0081618392988584	0.0623793974530314
1212	25227436	10127622	-0.0035462405463579	0.0332017178009612
1212	5330286	131634760	0.0029299341311161	0.0214317604889621
1212	5330286	86661883	-0.0444988276037701	-0.0156285941968168
1212	5330286	49846579	0.0366001470406957	0.052472731184033
1212	208908	11626560	-0.0609062875762777	-0.0016266595210536
1212	3062316	11707110	0.109296393880754	0.144701286371314
1212	5330286	10127622	-0.0050886321839982	0.0501023985994605
1212	118693659	24856436	-0.039892961824871	0.057465651057212
1212	118693659	131634760	-0.0460379620338542	-0.0232526926357565
1212	118693659	54761306	-0.0293529036805791	0.0481832812239679
1212	118693659	16007391	-0.0077098217695978	0.0113337742300076
1212	118693659	49846579	-0.0577657111856749	-0.0352659483606117
1212	118693659	86661883	-0.0074416636057	0.0084783162103479
1212	118693659	10127622	-0.0290399550465086	0.0566686184541962
1212	68289010	131634760	-0.0483242105837637	-0.0288387346856532
1212	68289010	86661883	0.0146401350650558	0.024218315437394
1212	68289010	49846579	-0.0306477567816939	-0.0168219667660103
1212	10127622	54761306	0.0235100028969573	0.0968306587008525
1212	10127622	16007391	-0.0039746286884078	0.0202518204336947
1212	123631	126689157	-0.0601004717084724	-0.0459761592733792
1212	10127622	24856436	-0.0390662255277345	0.0568219376964602
1212	10127622	126689157	-0.0698174434903175	-0.0493325600159722
1212	118693659	24856436	-0.0730467025442295	0.0260308738834722
1212	118693659	131634760	-0.022897914688943	-0.0081411025211045
1212	118693659	54761306	0.0142699527117751	0.0894779319156143
1212	118693659	16007391	-0.0503712668370558	-0.0264842613634963
1212	118693659	49846579	-0.0403142913457068	-0.0256668705784352
1212	118693659	86661883	-0.0172658357542267	0.0049114611762095
1212	118693659	10127622	-0.0407750018446674	0.044137158838168
1212	68289010	131634760	-0.0277312901448153	-0.0072425471633338
1212	68289010	86661883	-0.0096041662453551	0.00861542420577
1212	68289010	49846579	-0.0803485481524755	-0.0608087582724316
1212	10127622	54761306	0.0490208243873205	0.120075643498279
1212	10127622	16007391	0.0115795222882338	0.0302474435609498
1212	123631	126689157	-0.0535377620862846	-0.0402420329240586
1212	10127622	24856436	-0.042918830605504	0.0514529256804936
1212	10127622	126689157	0.0232630894916796	0.0375227326288949
1212	118693659	24856436	-0.0721140659496279	0.0247215681522666
1212	118693659	131634760	-0.0370365286517266	-0.0238743966668782
1212	118693659	54761306	0.0148546304228715	0.0890564563960046
1212	118693659	16007391	0.0073109072044303	0.0262354127884112
1212	118693659	49846579	-0.0235756867949382	0.0010321247848174
1212	118693659	86661883	0.0286902958109221	0.0477812804643958
1212	118693659	10127622	-0.0906709595411674	-0.0046880862414308
1212	68289010	131634760	-0.0377991663745055	-0.0213531715139227
1212	68289010	86661883	-0.0244831784201292	-0.006989966479028
1212	68289010	49846579	-0.0375938596284973	-0.0176854898916041
1212	10127622	54761306	0.0102692183387816	0.0855876324767812
1212	10127622	16007391	-0.0279575734800453	-0.000421853197361189
1212	123631	126689157	-0.0557983164516497	-0.0432237687341893
1212	10127622	24856436	-0.0052959190700535	0.0867362539663619
1212	10127622	126689157	-0.0065961533350526	0.0093570907785171
1212	25227436	16007391	-0.0075024845990246	0.0260468519582583
1212	25227436	54761306	-0.0553805061512368	0.0069762405663038
1212	25227436	126689157	-0.0605474185124667	-0.0311143978420769
1212	25227436	118693659	-0.0547427403695746	-0.000698887961467554
1212	25227436	5330286	-0.0105552111251603	0.0397699603308022
1212	25227436	10127622	-0.0044366701174896	0.0392703772478857
1212	5330286	131634760	0.0087442839664331	0.0286768216520132
1212	5330286	86661883	0.0184028752296569	0.0377005289811993
1212	5330286	49846579	0.0194411777482929	0.0340232820953602
1212	208908	11626560	-0.0095386330460875	0.0418940398495769
1212	3062316	11707110	0.113402022274637	0.151627272976784
1212	5330286	10127622	0.0357079432780871	0.0885560846195814
1212	208908	24964624	0.0227911229232253	0.0682013565047195
1212	25227436	16007391	-0.0410350331858949	-0.007073833070331
1212	25227436	54761306	-0.0232661188906278	0.0367321007725999
1212	25227436	126689157	-0.0227237803686553	-0.0030829353058295
1212	25227436	118693659	-0.022849785356982	0.0293488547624751
1212	25227436	5330286	0.0044003155397823	0.0533554597748894
1212	25227436	10127622	-0.0348929831714082	0.0145137334180367
1212	5330286	131634760	0.0296978325250243	0.0608466641055535
1212	5330286	86661883	-0.061283128458588	-0.0300227603030028
1212	5330286	49846579	-0.042179359196838	-0.0265310652255397
1212	208908	11626560	-0.0315601366970511	0.0248806548238998
1212	3062316	11707110	0.157952533836153	0.18384430258028
1212	5330286	10127622	-0.0050197391230205	0.0471976761214303
1212	208908	24964624	-0.000390495492824971	0.0473449718351249
1212	25227436	16007391	-0.031828910198938	0.0019427933727923
1212	25227436	54761306	-0.0517996930911029	0.015981563352092
1212	25227436	126689157	-0.060279562815794	-0.0366224063533442
1212	25227436	118693659	-0.0661130784319779	-0.0194529612036541
1212	25227436	5330286	-0.0313619894725516	0.0172454525863699
1212	25227436	10127622	-0.0553557113923341	0.0017790497179294
1212	5330286	131634760	0.001656496929382	0.0216973384170209
1212	5330286	86661883	-0.0543943904576075	-0.022994241115177
1212	5330286	49846579	0.0267151162457005	0.0405717087877608
1212	208908	11626560	-0.0022536045145098	0.0502272532412763
1212	3062316	11707110	0.110574802907139	0.150623192029201
1212	5330286	10127622	0.0525633756465851	0.107755476109652
1212	208908	24964624	-0.0250684212287736	0.0294412390347056
1212	118693659	24856436	-0.0525797236925491	0.0317886675283478
1212	118693659	131634760	-0.0182347857461316	-0.0013897600425943
1212	118693659	54761306	0.0176040272544267	0.0838086862031885
1212	118693659	16007391	-0.0209559649169757	-0.0043780776914114
1212	118693659	49846579	-0.0546241992377096	-0.0330451483503448
1212	118693659	86661883	-0.0333276265697803	-0.0182188358281431
1212	118693659	10127622	-0.0319359521057485	0.0477725869017732
1212	68289010	131634760	-0.0273803637134977	-0.0120500875074757
1212	68289010	86661883	-0.0273229148040163	-0.0136006731942826
1212	68289010	49846579	-0.0279039268490474	-0.0177062682003616
1212	10127622	54761306	-0.0079804597372686	0.063809968276887
1212	10127622	16007391	0.010926314135521	0.0320632552656955
1212	123631	126689157	-0.025210388365278	-0.0147749748438191
1212	10127622	24856436	0.0133121854275076	0.102462464858127
1212	10127622	126689157	0.0190804848708385	0.0413561120206339
1212	118693659	24856436	-0.0286041796037047	0.0558147027855985
1212	118693659	131634760	0.0177306012358159	0.0338319604338921
1212	118693659	54761306	-0.0149773053310583	0.053240528071139
1212	118693659	16007391	-0.0284706709043084	0.002967105620563
1212	118693659	49846579	-0.0255689580129228	0.0057911866826431
1212	118693659	86661883	0.0094651658670619	0.026497515548175
1212	118693659	10127622	0.000584428858892628	0.0783986035766022
1212	68289010	131634760	-0.0183534587875282	-0.0065071657294559
1212	68289010	86661883	0.0014381876207713	0.011132688489028
1212	68289010	49846579	-0.0424213901338652	-0.026921917943913
1212	10127622	54761306	-0.0210342746441198	0.0467914009256409
1212	10127622	16007391	0.0152442545249943	0.0457907872748226
1212	123631	126689157	-0.0248009358990931	-0.0119385816421236
1212	10127622	24856436	-0.0365498148691188	0.0535913645071192
1212	10127622	126689157	-0.0286080886767718	-0.0143498511639187
1212	118693659	24856436	-0.0661510442054076	0.0176133329068757
1212	118693659	131634760	-0.0168673640282386	-0.0013950165089908
1212	118693659	54761306	-0.0132994249862187	0.0536381380920917
1212	118693659	16007391	-0.0070674078228563	0.0177896437080609
1212	118693659	49846579	0.0203985064874786	0.0377594805392512
1212	118693659	86661883	-0.0111126613261762	0.0042084164791701
1212	118693659	10127622	0.006129482575472	0.0803956628385484
1212	68289010	131634760	-0.009739102893605	0.0021504413314646
1212	68289010	86661883	-0.0039302783698179	0.0057885629106868
1212	68289010	49846579	-0.0282015275917262	-0.014833863495949
1212	10127622	54761306	-0.0380400792001215	0.0322528551057732
1212	10127622	16007391	0.029108093290533	0.0534912125620748
1212	123631	126689157	-0.0382068024169341	-0.0258850899600186
1212	10127622	24856436	-0.026313088738247	0.0619139568652412
1212	10127622	126689157	0.0359932084848111	0.0539186370139629
1212	25227436	16007391	-0.000391462387550633	0.0267616189942932
1212	25227436	54761306	-0.0311767997275458	0.0162030002798425
1212	25227436	126689157	-0.0098289183680086	0.0076345390395562
1212	25227436	118693659	0.0068399916866247	0.0329393070256525
1212	25227436	5330286	0.0234757132799465	0.0608009827057452
1212	25227436	10127622	-0.0225485166623357	0.0229818586976685
1212	5330286	131634760	0.0145059167743803	0.0346197073939507
1212	5330286	86661883	-0.0786924940555946	-0.0532901327633748
1212	5330286	49846579	-0.0186308101565168	-0.0087785648625328
1212	208908	11626560	-0.0424597030103337	0.0053296601627945
1212	3062316	11707110	0.10029519023431	0.111436732707911
1212	5330286	10127622	0.0315681689487085	0.0561918051454342
1212	208908	24964624	-0.0053287537500274	0.0383473679308135
1212	25227436	16007391	0.0033984629913661	0.020263973301964
1212	25227436	54761306	-0.0445068491110725	0.0067960795944988
1212	25227436	126689157	-0.0299838800286727	-0.0138534257489836
1212	25227436	118693659	0.0018230218784942	0.0335341250270737
1212	25227436	5330286	0.0051330683288053	0.0394238875147513
1212	25227436	10127622	0.0076524324810405	0.0494380471442079
1212	5330286	131634760	0.0387460410707559	0.0549158969968087
1212	5330286	86661883	-0.0233567457750455	-0.0077712657003941
1212	5330286	49846579	-0.0198142994397038	-0.0076591124622851
1212	208908	11626560	-0.046315820960364	0.0057714938279914
1212	3062316	11707110	0.061217083064098	0.0713008413844401
1212	5330286	10127622	0.0392623137013146	0.0821097851822704
1212	208908	24964624	0.0154450907111698	0.0549616973784033
1212	25227436	16007391	-0.0113028642958143	0.0177751256126261
1212	25227436	54761306	-0.0384955958819828	0.0089834742281999
1212	25227436	126689157	-0.0452184909671566	-0.0229918346712852
1212	25227436	118693659	0.0646330263601371	0.090546576161461
1212	25227436	5330286	-0.0119616326686218	0.0246959936840273
1212	25227436	10127622	0.029932603415366	0.061537687138152
1212	5330286	131634760	0.0371625036722832	0.0515912455801957
1212	5330286	86661883	-0.0234784524213713	-0.0012353767183984
1212	5330286	49846579	0.0043133230488264	0.0150518274382982
1212	208908	11626560	-0.0190111157946007	0.0287392342080974
1212	3062316	11707110	0.123443303484624	0.135777184501843
1212	5330286	10127622	0.0056134151545451	0.0394832455634737
1212	208908	24964624	0.0263898071995807	0.0639547011428855
1212	25227436	16007391	-0.0555308796184113	-0.0217211422200657
1212	25227436	54761306	-0.0747376480899286	-0.0083479442380862
1212	25227436	126689157	-0.0928391160267319	-0.0715452488759051
1212	25227436	118693659	-0.0073497589844934	0.0223249442307211
1212	25227436	5330286	0.0089684892034793	0.0469682625271143
1212	25227436	10127622	-0.0217284111751977	0.0228605777667373
1212	5330286	131634760	-0.035554648852565	-0.0036453219552129
1212	5330286	49846579	-0.0146658716023469	-0.001021490556518
1212	208908	11626560	-0.035875009924719	0.0132209204288012
1212	3062316	11707110	0.123575134526481	0.134279032481588
1212	5330286	10127622	0.0414749337322263	0.0826861393361399
1212	208908	24964624	0.0177110275388525	0.0571771276838612
1212	25227436	16007391	-0.0038878958963051	0.0221017285606612
1212	25227436	54761306	-0.056471423331701	-0.000416209298580256
1212	25227436	126689157	-0.0689429406035691	-0.0528641596659967
1212	25227436	118693659	0.0187773759726744	0.05574751563001
1212	25227436	5330286	0.0813207056128651	0.109400359948001
1212	25227436	10127622	0.0076244523036593	0.0427878930251913
1212	5330286	131634760	-0.0227164149282579	-0.0066677526416347
1212	5330286	49846579	-0.0391714311379917	-0.0249446964737408
1212	208908	11626560	-0.049681143824357	0.0027485207267914
1212	3062316	11707110	0.156920473371383	0.168239722218822
1212	5330286	10127622	0.0740450872691534	0.118690386232298
1212	208908	24964624	-0.0150873726416708	0.0296645833303556
1212	25227436	16007391	-0.0220110717561431	0.0102790510705737
1212	25227436	54761306	-0.108085225415653	-0.035089442857726
1212	25227436	126689157	-0.0224884762073408	-0.0098374971980788
1212	25227436	118693659	0.0158927461342792	0.0566171248665103
1212	25227436	5330286	0.0233080183902546	0.0673438730642971
1212	25227436	10127622	0.0214901490323963	0.0644331857669478
1212	5330286	131634760	0.0493977277260636	0.0657209574729799
1212	5330286	49846579	-0.0094241013494441	0.0059922777817381
1212	208908	11626560	-0.0918206466317335	-0.032184791437281
1212	3062316	11707110	0.101260438089432	0.118144960089623
1212	5330286	10127622	0.0411597450534631	0.0882334280846325
1212	208908	24964624	0.0034278410861082	0.0490301093642319
1212	118693659	24856436	-0.091220743837566	0.000351445170482547
1212	118693659	131634760	-0.0225634221888247	-0.004245205282835
1212	118693659	54761306	-0.0321093377928989	0.0405218177126016
1212	118693659	16007391	-0.040783089906978	-0.0174815590345683
1212	118693659	49846579	-0.007648745141707	0.0185021443542503
1212	118693659	10127622	0.0497970368140725	0.122784635185211
1212	68289010	131634760	-0.0043210413425424	0.0048788742795237
1212	68289010	49846579	-0.0360904082595595	-0.024514228015641
1212	10127622	54761306	5.9998435977139e-05	0.0696849550980722
1212	10127622	16007391	0.0229761231939008	0.0449810386600613
1212	123631	126689157	-0.0386269049597049	-0.0261172884678802
1212	10127622	24856436	-0.0435637359560752	0.0463806317541066
1212	10127622	126689157	0.0049122296475652	0.0222672436099031
1212	118693659	24856436	-0.120809206114989	-0.0242134468603277
1212	118693659	131634760	-0.0094076407907771	0.0054452506153385
1212	118693659	54761306	-0.0391098854132309	0.0347008702380324
1212	118693659	16007391	0.0286297878112413	0.052625741884341
1212	118693659	49846579	-0.0617117096481366	-0.0307153814217214
1212	118693659	10127622	-0.009463965912479	0.0701697545071145
1212	68289010	131634760	-0.0206527300090993	-0.0089421694200227
1212	68289010	49846579	-0.0582977673494971	-0.0428249365848174
1212	10127622	54761306	-0.0232662930858768	0.050222075173072
1212	10127622	16007391	-0.0020454448266495	0.0148389989226196
1212	123631	126689157	-0.0590408886803534	-0.0441793792102835
1212	10127622	24856436	-0.053413762551493	0.038607822855147
1212	10127622	126689157	-0.0099511144296558	0.0139129887248041
1212	118693659	24856436	-0.0726200869249841	0.0196720454419043
1212	118693659	131634760	-0.0267648933184535	-0.0114686387403469
1212	118693659	54761306	-0.0416370321078646	0.0317826770856616
1212	118693659	16007391	-0.0587489292360518	-0.0285884252981409
1212	118693659	49846579	-0.0205762935760134	-0.0039576306944113
1212	118693659	10127622	-0.0444457146210932	0.0361822479221245
1212	68289010	131634760	-0.0456204904819092	-0.0330973464572329
1212	68289010	49846579	-0.019557435437178	-0.0092539137956586
1212	10127622	54761306	-0.0313187974055597	0.0420954375582178
1212	10127622	16007391	-0.0353352401236704	-0.0154476421933936
1212	123631	126689157	-0.0488666216838858	-0.0364340653964398
1212	10127622	24856436	-0.0264313305984557	0.0622184624515368
1212	10127622	126689157	0.0080972664485087	0.0234619334309556
1212	25227436	16007391	-0.0404566730907111	-0.0052596360665955
1212	25227436	54761306	-0.0353069396470805	0.0218411022194008
1212	25227436	126689157	-0.0193761866459353	-0.0046408020687599
1212	25227436	118693659	-0.0273645436922261	-0.0032048824868843
1212	25227436	5330286	0.0186873511928598	0.0507506945852837
1212	25227436	10127622	-0.0058815222681369	0.0299843402603116
1212	5330286	131634760	0.0414475687569058	0.0557360094024966
1212	5330286	49846579	-0.0131569388768365	0.0013279069201834
1212	208908	11626560	-0.0603879478657244	-0.0046500789976279
1212	3062316	11707110	0.0965043425405362	0.126011040187643
1212	5330286	10127622	0.0128868981115465	0.0754264603375519
1212	208908	24964624	-0.017113038672956	0.0300972176162151
1212	25227436	16007391	-0.0083265101146981	0.0166441595277485
1212	25227436	54761306	-0.0403765821759291	0.0096461897391298
1212	25227436	126689157	-0.0459009785296515	-0.024914889659332
1212	25227436	118693659	-0.0458582282857456	-0.0070393511438391
1212	25227436	5330286	0.0394124779657903	0.0697717567000127
1212	25227436	10127622	-0.0399206717025514	0.0020730989482543
1212	5330286	131634760	0.0273748752868901	0.0421735574240472
1212	5330286	49846579	-0.0181177194387318	-0.0032118938068974
1212	208908	11626560	-0.0556546103164716	0.000699753353617274
1212	3062316	11707110	0.0846087982315648	0.111079818398386
1212	5330286	10127622	0.0488828888587648	0.109078857953634
1212	208908	24964624	0.0055779428003459	0.0502912917369538
1212	25227436	16007391	0.0295437218841116	0.0558908679098998
1212	25227436	54761306	-0.0138356853615833	0.0335110203744448
1212	25227436	126689157	-0.0283270678957928	-0.0067007023905422
1212	25227436	118693659	-0.0513036706468678	-0.012607389438247
1212	25227436	5330286	-0.000263669415669068	0.0332978732377267
1212	25227436	10127622	-0.0344411066790236	0.0211189918431492
1212	5330286	131634760	-0.0163713788696767	-0.000334271781973731
1212	5330286	49846579	-0.0531259628473582	-0.038021191336368
1212	208908	11626560	-0.0589018307497808	-0.0010342416033
1212	3062316	11707110	0.0698032379140282	0.0922489664182097
1212	5330286	10127622	0.0535588527996844	0.111116003149734
1212	208908	24964624	0.0275000677333125	0.0680748254842365
1212	118693659	24856436	-0.063131727408548	0.0342619962958132
1212	118693659	131634760	0.0285614582246626	0.0443874537647225
1212	118693659	54761306	-0.067056995030916	0.0108931270196239
1212	118693659	16007391	-0.0069725763817026	0.0176805486134189
1212	118693659	49846579	-0.0366920985013007	-0.0153914419949277
1212	118693659	10127622	-0.0282760978235354	0.0537944848550329
1212	68289010	131634760	-0.0402908893717638	-0.0277418064503058
1212	68289010	49846579	-0.0488305762728635	-0.0331496965558807
1212	10127622	54761306	-8.20891599202789e-06	0.0747712394428473
1212	10127622	16007391	0.02015429858278	0.0369475308899949
1212	123631	126689157	-0.0346401241804467	-0.0196227347143837
1212	10127622	24856436	-0.0476804359219079	0.0466654042714424
1212	10127622	126689157	-0.000740575499011341	0.0194072433509456
1212	118693659	24856436	-0.0398483283060292	0.0546093654018983
1212	118693659	131634760	-0.0555412829936294	-0.0368419655571234
1212	118693659	54761306	-0.0270857308510098	0.0484610928655896
1212	118693659	16007391	-0.0261023298077887	0.0038738331971809
1212	118693659	49846579	-0.0211867729076287	-0.006113558734239
1212	118693659	10127622	-0.0279824038965566	0.0543268012704908
1212	68289010	131634760	-0.0190533867956181	-0.0095459681176335
1212	68289010	49846579	-0.0532922298302073	-0.0370025531827606
1212	10127622	54761306	-0.0483147846756166	0.027294207617619
1212	10127622	16007391	-0.0043918952363624	0.0202112961644888
1212	123631	126689157	-0.022376329830626	-0.0090995549756778
1212	10127622	24856436	-0.0518144797933192	0.0425906118546972
1212	10127622	126689157	0.0065436668096888	0.0214388488466012
1212	118693659	24856436	-0.0537252636418416	0.0426124576703887
1212	118693659	131634760	-0.0584303023052028	-0.0393755179225928
1212	118693659	54761306	-0.0506435508262031	0.0277651096288073
1212	118693659	16007391	-0.0225863967971083	-0.0045079228733674
1212	118693659	49846579	-0.0017631403702618	0.0202432694860509
1212	118693659	10127622	-0.0289731963251083	0.0540329107126109
1212	68289010	131634760	-0.0316266884451921	-0.0223731297853807
1212	68289010	49846579	-0.029448708120749	-0.0196047722190281
1212	10127622	54761306	-0.0566891223512141	0.01976485301051
1212	10127622	16007391	0.0034164506278199	0.019881178264436
1212	123631	126689157	-0.0473026006410025	-0.0321901810498036
1212	10127622	24856436	-0.0492271496581641	0.0460625987130503
1212	10127622	126689157	-0.0600967609361875	-0.0449195559871631
1212	25227436	16007391	-0.0381364858576105	-0.0154035780823367
1212	25227436	54761306	-0.0352540903237224	0.0147726699168762
1212	25227436	126689157	-0.052928219055588	-0.0374541494239888
1212	25227436	118693659	0.039193225077366	0.0738842345812462
1212	25227436	5330286	0.0368405626787963	0.0762214077208028
1212	25227436	10127622	-0.0098387141154827	0.0438997959841918
1212	5330286	131634760	-0.0112077299275523	0.005058350404247
1212	5330286	49846579	-0.0207709720899737	0.0010750162061073
1212	208908	11626560	-0.0237407475991142	0.0330745469290797
1212	3062316	11707110	0.0307962464045863	0.0676467179110808
1212	5330286	10127622	0.0766185415798213	0.122790865433902
1212	208908	24964624	0.022336056965811	0.0765687800858063
1212	25227436	16007391	-0.0203810626287657	-0.0016082411116906
1212	25227436	54761306	-0.0337292870633234	0.0146660212636219
1212	25227436	126689157	-0.0027166934729689	0.011215318702885
1212	25227436	118693659	-0.0244194341885562	0.0193396747235047
1212	25227436	5330286	0.0688032280256129	0.101119533005432
1212	25227436	10127622	-0.0139452617316138	0.0297739475674646
1212	5330286	131634760	0.0219875224587991	0.0372360568440191
1212	5330286	49846579	0.0158414998157671	0.03037646808865
1212	208908	11626560	-0.06693795468175	-0.0052987724078668
1212	3062316	11707110	0.0462425125936636	0.080022339198998
1212	5330286	10127622	0.0060804841109721	0.0683315448501813
1212	208908	24964624	0.0358986728465791	0.0839131730074777
1212	25227436	16007391	0.035105955261168	0.053128473265424
1212	25227436	54761306	-0.0485837300232095	0.005305146498717
1212	25227436	126689157	-0.0470680486010961	-0.0314969667745004
1212	25227436	118693659	0.0015357391411373	0.0463926013291453
1212	25227436	5330286	0.0267884396048152	0.0717693011019769
1212	25227436	10127622	-0.0266145376823533	0.0180441791035941
1212	5330286	131634760	-0.0090215496553006	0.0072040999135844
1212	5330286	49846579	0.0147417658720538	0.0328319678206465
1212	208908	11626560	-0.0414175737377079	0.0198793644693312
1212	3062316	11707110	0.0229581042391686	0.0733727856595991
1212	5330286	10127622	-0.0144256636998511	0.0451452063671979
1212	208908	24964624	0.0083891329684438	0.0657779852316973
1212	118693659	24856436	-0.0516351358007282	0.0444459232563453
1212	118693659	131634760	-0.0269562489998227	-0.010273623659163
1212	118693659	54761306	-0.0273949188167361	0.0508526849812107
1212	118693659	16007391	-0.0324789666380059	0.000652931991625714
1212	118693659	49846579	-0.0139276628414481	0.0080085267826271
1212	118693659	10127622	-0.0096097757136248	0.074677563659572
1212	68289010	131634760	-0.0480384050574287	-0.035451705252703
1212	68289010	49846579	-0.04431993956129	-0.0306127766442807
1212	10127622	54761306	-0.0504420488428566	0.0288057436979913
1212	10127622	16007391	-0.0469491016621714	-0.0189296113263666
1212	123631	126689157	-0.0569656314664573	-0.0356360836275131
1212	10127622	24856436	-0.0522689803888089	0.0451182089620979
1212	10127622	126689157	0.0094322291168892	0.0226193004737354
1212	118693659	24856436	-0.0504216326245082	0.0473427555230677
1212	118693659	131634760	0.000249986338088406	0.0164722294174265
1212	118693659	54761306	-0.0368295881311709	0.0422167996118037
1212	118693659	16007391	-0.05187241857954	-0.0213963360659806
1212	118693659	49846579	-0.0780805370838333	-0.0544424172224552
1212	118693659	10127622	0.0126860362751846	0.0935744088022933
1212	68289010	131634760	-0.0180360047723753	-0.0081520012273885
1212	68289010	49846579	-0.030862669863229	-0.0203085876170133
1212	10127622	54761306	-0.0636817007419061	0.0133303620709145
1212	10127622	16007391	-0.0274408017489146	0.0053118839838131
1212	123631	126689157	-0.0601685696258175	-0.0457281477507794
1212	10127622	24856436	-0.0412123487304227	0.0565045515496959
1212	10127622	126689157	-0.0020765727426962	0.0112917173787777
1212	118693659	24856436	-0.0656912109301528	0.030372541257333
1212	118693659	131634760	-0.0375557706570018	-0.0216210471300653
1212	118693659	54761306	-0.040890905284973	0.0368465654289606
1212	118693659	16007391	-0.0303126706433386	0.0084557015309875
1212	118693659	49846579	-0.0478066926804362	-0.0235918382428322
1212	118693659	10127622	-0.0075337496326682	0.07679217369699
1212	68289010	131634760	-0.0224507962746224	-0.0118706637127687
1212	68289010	49846579	-0.0261018094030668	-0.0153998438546754
1212	10127622	54761306	-0.0108169347244047	0.067041158693428
1212	10127622	16007391	-0.0429505436761299	-0.0165976324368844
1212	123631	126689157	-0.0807958875133268	-0.0593503493993072
1212	10127622	24856436	-0.0565992351921368	0.0414760873691106
1212	10127622	126689157	-0.0332021732706862	-0.0209775139733134
1212	54761306	60749	0.0537869888194993	0.110133838468969
1212	24856436	60749	0.0422345089694144	0.112462072899892
1212	72165232	60749	0.0341232941701859	0.0931755753761924
1212	52913813	25227436	0.0087523301187488	0.0300035890977494
1212	52913813	5330286	0.0569776818308053	0.0868061605712041
1212	131634760	60749	0.0234267724019838	0.0407561443496178
1212	86661883	36314	0.0394051369649712	0.0511694118566616
1212	131634760	36314	-0.10177222434195	-0.0940524986639415
1212	23725625	86661883	-0.0277522418656341	-0.0185211013563807
1212	23725625	118693659	-0.0516835373454679	-0.0378614639499772
1212	23725625	131634760	-0.0335830743365774	-0.0261605366760197
1212	23725625	49846579	-0.0235194363009058	-0.0151276436951186
1212	54761306	60749	0.0492464460773569	0.106360164040889
1212	24856436	60749	0.0421740268317949	0.112011978160891
1212	72165232	60749	0.0477944814322907	0.104298649008784
1212	52913813	25227436	-0.017185983267431	0.0083485495228269
1212	52913813	5330286	0.0467560874998804	0.0766321310938058
1212	131634760	60749	0.0168178113736037	0.0304547453961084
1212	86661883	36314	0.07170296125279	0.0929119941821772
1212	131634760	36314	-0.100806488410563	-0.0929838073122492
1212	23725625	86661883	-0.0199358569008718	-0.0116118514218648
1212	23725625	118693659	-0.0341730158237298	-0.0134911067124024
1212	23725625	131634760	-0.0232352510810105	-0.0156764084081762
1212	23725625	49846579	-0.0425852178787069	-0.0328362903015216
1212	54761306	60749	0.0696790424569652	0.124360417494117
1212	24856436	60749	0.036361998420583	0.103608304479603
1212	72165232	60749	0.0808718267123358	0.134646134928591
1212	52913813	25227436	-0.0339724676826102	-0.0068897489390228
1212	52913813	5330286	0.0672496507811308	0.0962366262669193
1212	131634760	60749	0.0036984323612627	0.0289280947628948
1212	86661883	36314	0.085551429607148	0.099556030644562
1212	131634760	36314	-0.0835033391689925	-0.0751717043640084
1212	23725625	86661883	-0.0275574895937374	-0.0198515116130677
1212	23725625	118693659	-0.0472666963523023	-0.0330412553904603
1212	23725625	131634760	-0.022235153412589	-0.0148771376288527
1212	23725625	49846579	-0.036162923668718	-0.0278701172287678
1212	54761306	10339178	0.0015704969949623	0.0158855652161752
1212	131634760	208908	0.029180001085769	0.0504588140296011
1212	135151360	36462	0.000421697002469194	0.0157054262321713
1212	86661883	208908	-0.0037436319269392	0.027168118670613
1212	24856436	104842	0.0059842667270138	0.0861695535330355
1212	72165232	3385	0.0058541807778649	0.0376435050192216
1212	72165232	24856436	0.0197364004413198	0.0831696386540348
1212	51001932	24866313	0.112891874437601	0.176928338181215
1212	208908	10127622	0.0676217847038693	0.119119894061916
1212	11626560	10127622	0.0084023134165171	0.0600908910629939
1212	86661883	60749	0.0172276754555289	0.0304762589897129
1212	72165232	104842	0.0629369681840193	0.107538657861454
1212	11626560	3062316	-0.0318982140052578	-0.0174305237764858
1212	49846579	208908	-0.0604782095463546	-0.0472595516570282
1212	54761306	10339178	-0.0691823044347519	-0.0416735767830252
1212	131634760	208908	0.0016224259183238	0.0278978664452342
1212	135151360	36462	0.0431070412362276	0.0536246090629162
1212	86661883	208908	-0.0241182575509369	0.000107604691236373
1212	24856436	104842	-0.032314718102822	0.0509240015494055
1212	72165232	3385	0.0147212278407494	0.0440810232630784
1212	72165232	24856436	0.0532760732442637	0.110501132209662
1212	51001932	24866313	0.169451836836164	0.221637030897181
1212	208908	10127622	0.0938081654732325	0.139408356100826
1212	11626560	10127622	0.0456619190575245	0.0955641994299461
1212	86661883	60749	-0.0129740266702283	-0.000224125437839111
1212	72165232	104842	0.0630262191224977	0.108576666217568
1212	11626560	3062316	-0.000787457166445859	0.0113343232434478
1212	49846579	208908	-0.0363163273475035	-0.0238338710590969
1212	54761306	10339178	0.0215412792211339	0.0351522420464247
1212	131634760	208908	-0.0190404393755901	0.013636917074298
1212	135151360	36462	0.0179241027408006	0.0326213709830431
1212	86661883	208908	0.0083912247207742	0.036998611349622
1212	24856436	104842	0.0387098821600526	0.115121464352946
1212	72165232	3385	0.0285980934226343	0.0587570607633148
1212	72165232	24856436	0.0825959339896697	0.13965008353966
1212	51001932	24866313	0.126923359457828	0.191886482861611
1212	208908	10127622	0.0715753346332307	0.118313115885778
1212	11626560	10127622	-0.021111629960512	0.0298319828332066
1212	86661883	60749	0.0083959849804504	0.0210122154777263
1212	72165232	104842	0.0859020937489077	0.127520896654215
1212	11626560	3062316	-0.0087237557775512	0.0070881623517787
1212	49846579	208908	-0.0745532168852797	-0.0618368822317861
1212	54761306	60749	0.0590120042724115	0.116205441636918
1212	24856436	60749	0.0847922357428461	0.151417801947432
1212	72165232	60749	0.100971099462769	0.153750849406593
1212	52913813	25227436	-0.0292937954636686	-0.000236358969249923
1212	52913813	5330286	0.102943688404071	0.134626716675341
1212	131634760	60749	0.0371681081915124	0.0576948535667159
1212	86661883	36314	-0.0470143592968262	-0.0307201279406881
1212	131634760	36314	-0.0969728259832349	-0.089904042949147
1212	23725625	86661883	-0.0650077305196575	-0.0548555322828448
1212	23725625	118693659	-0.0226311719737146	-0.00789673990208
1212	23725625	131634760	-0.0333103928967872	-0.0259186724253773
1212	23725625	49846579	-0.039202765142045	-0.0291376447842621
1212	54761306	60749	0.0723176061455419	0.126667433377947
1212	24856436	60749	0.043486977398101	0.10839190169366
1212	72165232	60749	0.0573004928050447	0.113426159366569
1212	52913813	25227436	-0.0228579048363631	0.0089292938913203
1212	52913813	5330286	0.122508975512996	0.154382315397164
1212	131634760	60749	0.0218141076486266	0.0459303779707499
1212	86661883	36314	-0.0404599689052814	-0.0197875007554224
1212	131634760	36314	-0.0196072867415911	-0.0115537379851549
1212	23725625	86661883	-0.0274851615390124	-0.0191776686072783
1212	23725625	118693659	-0.0436639946879475	-0.0290827264117856
1212	23725625	131634760	-0.0344291261483969	-0.0270674822710231
1212	23725625	49846579	-0.0414022444613851	-0.0313071601935355
1212	54761306	60749	0.0250427007959984	0.079745393866966
1212	24856436	60749	0.0637497666887805	0.13520327403174
1212	72165232	60749	0.117331301812839	0.169360092732388
1212	52913813	25227436	-0.0140494748202263	0.0143328264950231
1212	52913813	5330286	0.0183614721055776	0.060350028835028
1212	131634760	60749	-0.014673648388238	0.0058811798028518
1212	86661883	36314	-0.0103375196465432	0.0077559577954188
1212	131634760	36314	-0.0161875702230013	-0.0078139518519073
1212	23725625	86661883	-0.0334555048416111	-0.0239638164720207
1212	23725625	118693659	-0.0380540941769564	-0.0232570467845671
1212	23725625	131634760	-0.0333478372581661	-0.0257824360186835
1212	23725625	49846579	-0.0275007615811204	-0.0195620726699291
1212	54761306	10339178	-0.0474930606318967	-0.0327442813432396
1212	131634760	208908	-0.0580110445670722	-0.041222423988357
1212	135151360	36462	0.0145477870343253	0.0355963044047066
1212	86661883	208908	-0.0140304009884746	0.0029102239700393
1212	24856436	104842	0.0360982680558135	0.119023798920074
1212	72165232	3385	0.0514639140402149	0.092529336257009
1212	72165232	24856436	0.0283817532857192	0.105840331713199
1212	51001932	24866313	0.0398413574473316	0.114854605355125
1212	208908	10127622	0.0294207812707982	0.0902398408172281
1212	11626560	10127622	-0.0716707701348707	-0.0115374014798764
1212	86661883	60749	0.0210141221307605	0.0353237652248122
1212	72165232	104842	0.0161532486343039	0.0801624263450604
1212	11626560	3062316	0.000477223320845134	0.0209208751548241
1212	49846579	208908	-0.0490062490746935	-0.0289630348487351
1212	54761306	10339178	-0.0214298685630397	-0.0088648492498949
1212	131634760	208908	-0.0400621335824057	-0.0265516900427169
1212	135151360	36462	0.0246019897715544	0.0475560845579017
1212	86661883	208908	-0.0406486647251113	-0.0190189465971862
1212	24856436	104842	0.0254519476544643	0.108750623355419
1212	72165232	3385	0.01831806315281	0.0667943019279482
1212	72165232	24856436	0.0026096893747956	0.0775177667956379
1212	51001932	24866313	0.0061963078983688	0.0792707491082293
1212	208908	10127622	0.0350588272930769	0.0976496762640417
1212	11626560	10127622	-0.0540297701595854	0.0078494460189446
1212	86661883	60749	0.0397078082880494	0.0544189929757883
1212	72165232	104842	0.0230107364074734	0.0857151286165195
1212	11626560	3062316	-0.0231657511742656	0.0027066918759227
1212	49846579	208908	-0.0572113758203525	-0.0441385321117191
1212	54761306	10339178	-0.0032262550022888	0.0094602552968147
1212	131634760	208908	-0.0454940034334694	-0.0294569193413199
1212	135151360	36462	0.0449707300213318	0.060568346419602
1212	86661883	208908	-0.017989751476187	-0.0044895998088921
1212	24856436	104842	0.0299645960509033	0.113667514365416
1212	72165232	3385	-0.0055622223238752	0.0431253249629027
1212	72165232	24856436	0.0321158285659566	0.108328516664016
1212	51001932	24866313	0.0387398933203441	0.113307310539142
1212	208908	10127622	0.0121445115870277	0.074742465834663
1212	11626560	10127622	-0.0149057513851883	0.0416149340109703
1212	86661883	60749	0.0698344153168661	0.0830934009742735
1212	72165232	104842	0.0090366909652192	0.0700619593420826
1212	11626560	3062316	0.0192097066836151	0.0340026880975828
1212	49846579	208908	-0.0495240191107469	-0.0367646925189711
1212	54761306	60749	0.0214385443486348	0.0859979967531686
1212	24856436	60749	0.0422530089007297	0.121838063371157
1212	72165232	60749	0.0722919338304387	0.130759226804418
1212	52913813	25227436	0.0106778345616306	0.0363234362452876
1212	52913813	5330286	0.0613978701274375	0.0966429812904311
1212	131634760	60749	-0.0025512175373329	0.0111410042961569
1212	86661883	36314	0.0291912757719036	0.0383330768949765
1212	131634760	36314	-0.109278853942424	-0.103927808478871
1212	23725625	86661883	-0.0400374892103046	-0.0308582872909484
1212	23725625	118693659	-0.0535330356004692	-0.0402459756884997
1212	23725625	131634760	-0.0359318738705281	-0.0285868552640011
1212	23725625	49846579	-0.0303866447291255	-0.022682268470999
1212	54761306	60749	0.0225595411041007	0.0863787130643835
1212	24856436	60749	0.0376976831546213	0.116680385053201
1212	72165232	60749	0.0235970143742561	0.0824158531899502
1212	52913813	25227436	-0.0281150648766534	0.001166593558851
1212	52913813	5330286	0.0549586343371943	0.0896548539226603
1212	131634760	60749	0.0025044700265559	0.0159963460197319
1212	86661883	36314	-0.012330621517887	0.000413023897032888
1212	131634760	36314	-0.145216807000784	-0.139948729278706
1212	23725625	86661883	-0.0405839754819502	-0.0322970484127234
1212	23725625	118693659	-0.0405878136437312	-0.0254806338433602
1212	23725625	131634760	-0.0400117663769607	-0.032256232100246
1212	23725625	49846579	-0.0252300945234588	-0.0178862927740331
1212	54761306	60749	0.043729825607496	0.105948666063455
1212	24856436	60749	0.0196083158054812	0.0987673458164342
1212	72165232	60749	0.045210877519535	0.103734630927403
1212	52913813	25227436	0.0051308931833406	0.0254430892265286
1212	52913813	5330286	0.0817659962183444	0.114998111292133
1212	131634760	60749	0.0195391751851655	0.0338596073499636
1212	86661883	36314	0.0034128009226293	0.0150862875456159
1212	131634760	36314	-0.0999960924702418	-0.0941128165448001
1212	23725625	86661883	-0.0157840373245489	-0.0070902940529805
1212	23725625	118693659	-0.0390647577833167	-0.0203235312363171
1212	23725625	131634760	-0.0268939269161801	-0.0192633870627975
1212	23725625	49846579	-0.0170630378406723	-0.0084666832261231
1212	54761306	10339178	-0.0371411264568617	-0.0241710003881193
1212	131634760	208908	0.0012575377907131	0.0134405007885382
1212	135151360	36462	0.0114572124757069	0.0222795015049145
1212	86661883	208908	-0.0010875962968194	0.0160356659659641
1212	24856436	104842	0.0285664670248858	0.106050275118897
1212	72165232	3385	0.0237500237071099	0.0540998816475683
1212	72165232	24856436	0.0467757791690596	0.116077418060634
1212	51001932	24866313	0.161139579682886	0.227154552613348
1212	208908	10127622	-0.0248131545132786	0.0341734713907812
1212	11626560	10127622	0.0132824590621507	0.0681856768747649
1212	86661883	60749	0.0224401411679917	0.0447674408575553
1212	72165232	104842	-0.002484411493012	0.0581012159364748
1212	11626560	3062316	0.0340688049693743	0.0563780547943372
1212	49846579	208908	-0.022741537983169	0.000457110066098844
1212	54761306	10339178	-0.0172877814361586	-0.0043288312710159
1212	131634760	208908	-0.0242252330402743	-0.0095618243354738
1212	135151360	36462	-0.0016170837870118	0.0098498152390326
1212	86661883	208908	-0.0084825587471492	0.0041555567302923
1212	24856436	104842	-0.0016174173785408	0.0748431263656803
1212	72165232	3385	0.0414105306402219	0.0696009708929662
1212	72165232	24856436	0.0507402489588561	0.115953265131866
1212	51001932	24866313	0.109783436907482	0.17778703987596
1212	208908	10127622	0.0373320505250209	0.0839475896811564
1212	11626560	10127622	-0.0307397817494276	0.0169266245839231
1212	86661883	60749	-0.0223303831421878	0.0042850892896985
1212	72165232	104842	0.013328353319357	0.0695173178275221
1212	11626560	3062316	0.0298722376469307	0.0538441128182447
1212	49846579	208908	-0.0440679053548932	-0.019665203101479
