data_cell_id	data_cell_id.1	data_cell_id.2	ri_row	ri_col	synergy_loewe
63	10237	5394	-21.07940033	17.39258943	4.436430655
63	46907787	5394	47.87297245	17.39258943	30.95802632
63	91466	5394	-5.858180148	17.39258943	3.575391407
63	442614	5394	-9.231525301	17.39258943	0.739055674
63	5287792	5394	-5.155215514	17.39258943	8.917457351
63	65064	5394	-7.202506644	17.39258943	8.685688509
63	907504	5394	-8.373581068	17.39258943	2.430892094
63	6420042	5394	25.75917944	17.39258943	-14.50031052
63	7251185	5394	11.95901912	17.39258943	9.837159332
63	379	5394	-3.63497751	17.39258943	5.782125875
63	2682	5394	-2.819584455	17.39258943	9.528525638
63	154272	5394	-6.958857268	17.39258943	25.39307409
63	1271002	5394	-3.672909678	17.39258943	10.05690157
63	6505803	5394	76.75012284	17.39258943	9.229981092
63	9852573	5394	76.00156413	17.39258943	7.242826464
63	66414	5394	79.14221662	17.39258943	-49.4118222
63	1269845	5394	15.73112784	17.39258943	-6.589617273
63	5459840	5394	-0.834797746	17.39258943	10.31822008
63	73087	5394	11.50044797	17.39258943	24.97373607
63	8617	5394	-23.62230399	17.39258943	-3.944295809
63	135398661	5394	11.78227882	17.39258943	-14.35720685
63	2148	5394	-23.11302214	17.39258943	-3.663081334
63	5280567	5394	-11.53826608	17.39258943	0.581175425
63	12934390	5394	-4.05094278	17.39258943	19.87030027
63	3385	5394	-21.92995389	17.39258943	12.76760213
63	144	5394	-13.17423456	17.39258943	-2.28978686
63	441328	5394	-4.530217334	17.39258943	-2.418145173
63	135403646	5394	39.74972706	17.39258943	-11.52397145
63	9839311	5394	-12.61401817	17.39258943	2.334304221
63	11314340	5394	71.0623586	17.39258943	18.49465845
63	54708532	5394	-6.320152582	17.39258943	10.23122439
63	16038374	5394	2.088797098	17.39258943	-3.895120531
63	42636535	5394	-7.363107682	17.39258943	12.61778796
63	54684141	5394	-8.674209207	17.39258943	3.752340227
63	24768261	5394	-22.47789056	17.39258943	16.29957061
63	9821849	5394	-16.68296615	17.39258943	9.148444923
63	49846579	5394	1.764010222	17.39258943	29.15557452
63	24978538	5394	17.6473714	17.39258943	46.96748145
63	11228183	5394	3.558752881	17.39258943	-1.389936151
63	3035714	5394	77.16161435	17.39258943	4.379787484
63	11960529	5394	-3.249087867	17.39258943	51.23053977
63	10437018	5394	-5.650450856	17.39258943	22.91200981
63	17513	5394	0.200398349	17.39258943	15.32322985
63	41774	5394	7.064772016	17.39258943	7.909908767
63	441307	5394	-10.97646816	17.39258943	-10.73578684
63	170367	5394	-8.429795764	17.39258943	28.56305343
63	1981	5394	-6.551614239	17.39258943	-6.283405304
63	11074431	5394	-2.175811952	17.39258943	4.06323506
63	904	5394	-9.601589415	17.39258943	5.722313432
63	1985	5394	-8.960140866	17.39258943	7.344422233
63	6060	5394	-23.30826115	17.39258943	-9.211674249
63	12035	5394	9.536822239	17.39258943	4.461962646
63	135398513	5394	-16.80171077	17.39258943	0.551792555
63	5310993	5394	-15.71258307	17.39258943	-1.053804935
63	5284513	5394	20.72242364	17.39258943	36.17187646
63	11519741	5394	-4.541102472	17.39258943	-11.51927117
63	60164	5394	70.10859791	17.39258943	0.354599914
63	60871	5394	11.37806997	17.39258943	23.02140579
63	76219	5394	1.822122283	17.39258943	1.013029982
63	6083	5394	-20.0911773	17.39258943	6.098118488
63	5763	5394	-23.26008318	17.39258943	1.055016032
63	16307093	5394	-22.09858922	17.39258943	6.148455002
63	46931003	5394	25.8671141	17.39258943	-2.796236981
63	66136	5394	-6.85028222	17.39258943	4.168843
63	11383075	5394	-7.946151519	17.39258943	16.27074882
63	10297043	5394	10.19470572	17.39258943	62.99538042
63	10184653	5394	17.88637601	17.39258943	52.38152104
63	2044	5394	20.18883134	17.39258943	2.229644173
63	9840076	5394	11.95112979	17.39258943	52.7399371
63	2051	5394	-8.547752719	17.39258943	17.63202447
63	2052	5394	9.488554186	17.39258943	5.131928183
63	5328779	5394	5.845790072	17.39258943	11.15321197
63	56645356	5394	-7.925378486	17.39258943	1.911895465
63	82148	5394	17.94859428	17.39258943	4.581490284
63	2082	5394	88.44752972	17.39258943	1.430890725
63	83969	5394	9.523076223	17.39258943	18.82609137
63	49806720	5394	2.727837448	17.39258943	4.267674039
63	5282181	5394	2.404916283	17.39258943	-3.695734495
63	71764	5394	-4.040897723	17.39258943	18.39204626
63	71916	5394	-31.05328739	17.39258943	2.104698881
63	24771867	5394	80.49346178	17.39258943	5.695312453
63	6918427	5394	-1.681140334	17.39258943	9.010539085
63	135497066	5394	13.70028623	17.39258943	3.443906344
63	6293	5394	-17.7165195	17.39258943	18.84476125
63	135401907	5394	4.426491022	17.39258943	9.695518958
63	1549517	5394	-18.72094387	17.39258943	-4.864085237
63	123607	5394	5.425368519	17.39258943	1.732884512
63	10207	5394	-23.77225066	17.39258943	5.1827103
63	11450633	5394	-16.58657742	17.39258943	-7.80169098
63	162147	5394	0.990924177	17.39258943	8.615854412
63	5280723	5394	4.607734816	17.39258943	8.640834312
63	10041070	5394	-17.07044897	17.39258943	10.31284712
63	2123	5394	2.93166558	17.39258943	21.47976814
63	21718	5394	-0.47420644	17.39258943	0.275562499
63	10141893	5394	3.591168653	17.39258943	40.64802934
63	2125	5394	3.315411618	17.39258943	19.23095325
63	64150	5394	-15.384607	17.39258943	-1.498628024
63	6918493	5394	-38.09505584	17.39258943	5.73664318
63	108013	5394	-13.78889933	17.39258943	-6.15772571
63	62884	5394	-15.29455059	17.39258943	1.550033829
63	23663941	5394	1.573192794	17.39258943	-11.91790552
63	24764449	5394	-2.899224706	17.39258943	28.22058629
63	16007367	5394	15.15369851	17.39258943	5.954782666
63	24856041	5394	81.74167843	17.39258943	3.458684756
63	6009	5394	-18.42498946	17.39258943	1.902924284
63	16230	5394	3.666465098	17.39258943	11.60254415
63	2145	5394	17.38569024	17.39258943	0.293638138
63	123608	5394	-1.10968998	17.39258943	17.40240151
63	9433	5394	-12.52311834	17.39258943	1.053854958
63	2155	5394	-23.19100845	17.39258943	18.7851698
63	441325	5394	-10.10384775	17.39258943	2.791862253
63	2159	5394	18.04635338	17.39258943	4.107646477
63	11065	5394	-8.689334551	17.39258943	9.978079007
63	2162	5394	6.643664023	17.39258943	6.643421821
63	62074	5394	2.894512002	17.39258943	-6.31029021
63	50515	5394	57.86529388	17.39258943	7.294293614
63	54259	5394	33.08152995	17.39258943	-12.04518749
63	33613	5394	-1.244838031	17.39258943	5.042953178
63	23663126	5394	-9.706448063	17.39258943	-1.975361158
63	5280965	5394	12.0249004	17.39258943	0.518690511
63	23663979	5394	-12.43237685	17.39258943	12.45942448
63	23565	5394	1.223966776	17.39258943	-7.043503995
63	2176	5394	-12.37193658	17.39258943	8.765806396
63	65016	5394	-41.49707913	17.39258943	9.072025261
63	8732	5394	-6.282163629	17.39258943	-6.908064396
63	11282283	5394	2.48789127	17.39258943	36.07173718
63	11556427	5394	-24.33893494	17.39258943	4.793678875
63	135413494	5394	-16.91209927	17.39258943	12.1695382
63	2187	5394	3.319669152	17.39258943	10.10160972
63	9824562	5394	23.30369062	17.39258943	-0.375831794
63	5318517	5394	-14.42068212	17.39258943	0.365881688
63	2196	5394	2.892941779	17.39258943	12.33578756
63	657201	5394	2.623264344	17.39258943	9.257169112
63	2200	5394	-11.36400567	17.39258943	15.70770046
63	2206	5394	-4.695630119	17.39258943	7.55640244
63	57390074	5394	56.41380562	17.39258943	23.4411638
63	45139106	5394	2.314568485	17.39258943	26.10648825
63	5280443	5394	-11.0533938	17.39258943	-15.69103065
63	10182969	5394	5.640374145	17.39258943	10.46901454
63	2214	5394	-24.23269406	17.39258943	-8.933024637
63	1901244	5394	-3.602270395	17.39258943	13.01179918
63	11561674	5394	-20.78921775	17.39258943	-1.538004164
63	135413536	5394	-8.327673559	17.39258943	0.658913047
63	6918848	5394	88.41427576	17.39258943	9.632420181
63	448014	5394	1.732944536	17.39258943	15.04019024
63	9958103	5394	-4.61963941	17.39258943	5.511853875
63	440936	5394	-18.58144194	17.39258943	1.126304502
63	2230	5394	-23.52228641	17.39258943	5.56469673
63	92722	5394	-3.75113441	17.39258943	-4.852982704
63	60795	5394	-26.7323673	17.39258943	-19.58116825
63	24872560	5394	-9.83349744	17.39258943	15.39182922
63	68911	5394	-2.780586957	17.39258943	1.612784244
63	68827	5394	12.36629211	17.39258943	10.90561082
63	6917864	5394	1.989412542	17.39258943	-7.622652453
63	32169	5394	-7.916202844	17.39258943	5.43177997
63	11630874	5394	-1.107703795	17.39258943	-0.697850459
63	5287855	5394	-19.49585731	17.39258943	8.650083132
63	20525	5394	2.769087061	17.39258943	8.012624125
63	163091	5394	-4.448585299	17.39258943	13.89836849
63	119034	5394	-0.311181999	17.39258943	-4.218478059
63	134601	5394	-11.01149965	17.39258943	6.87879862
63	2244	5394	-17.50487267	17.39258943	5.380280965
63	24739943	5394	-13.68960991	17.39258943	27.07673379
63	13943297	5394	-2.050434951	17.39258943	9.079953713
63	227456	5394	35.48128955	17.39258943	26.41453014
63	11955716	5394	79.40053489	17.39258943	6.642325859
63	11338033	5394	72.69275387	17.39258943	5.932930083
63	11175137	5394	62.72119279	17.39258943	14.08396391
63	135398495	5394	89.94024632	17.39258943	7.564595513
63	11219835	5394	6.092816293	17.39258943	7.00052446
63	158550	5394	13.35344796	17.39258943	18.94911287
63	54840	5394	-14.39498451	17.39258943	3.926508297
63	60823	5394	-15.31220268	17.39258943	7.962143806
63	74989	5394	-9.649973483	17.39258943	5.009072003
63	47320	5394	-9.488516222	17.39258943	10.52745917
63	174174	5394	6.447944906	17.39258943	5.10202394
63	9549303	5394	53.06431368	17.39258943	28.08407448
63	135539077	5394	79.30168045	17.39258943	9.231555189
63	46883536	5394	16.99537322	17.39258943	5.069431274
63	9869929	5394	2.27978282	17.39258943	-0.440456534
63	166558	5394	-10.02874	17.39258943	15.5722313
63	59174488	5394	27.30296606	17.39258943	41.19623509
63	51040	5394	12.05925555	17.39258943	18.73351964
63	6450551	5394	83.01948145	17.39258943	8.996904365
63	5462814	5394	50.11635298	17.39258943	8.998990992
63	5462814	5394	82.49948587	17.39258943	8.308438421
63	72716071	5394	8.948711983	17.39258943	4.155320396
63	46244454	5394	84.78977143	17.39258943	5.744795296
63	9444	5394	-18.60528123	17.39258943	8.105291067
63	15723	5394	-10.38196068	17.39258943	0.980727776
63	15443	5394	-3.637265568	17.39258943	8.488852148
63	5281066	5394	-0.557249487	17.39258943	5.838257135
63	2265	5394	26.39153211	17.39258943	5.534110383
63	135564570	5394	-11.10199014	17.39258943	30.30958575
63	24856436	5394	86.05985971	17.39258943	-3.80555962
63	11292191	5394	-4.214310871	17.39258943	5.421407812
63	25262792	5394	73.19248374	17.39258943	-13.29497099
63	44199317	5394	-1.456846063	17.39258943	57.11439484
63	10138980	5394	58.55093208	17.39258943	28.33053556
63	56599293	5394	91.54726897	17.39258943	7.143523856
63	46893585	5394	-24.67477279	17.39258943	-3.203683831
63	51039095	5394	47.64180083	17.39258943	43.77605712
63	25227436	5394	-11.25264003	17.39258943	36.8086876
63	16747683	5394	77.88631407	17.39258943	-1.328126091
63	44137675	5394	9.741706909	17.39258943	33.98522844
63	11152667	5394	99.20900118	17.39258943	-1.885523352
63	25262965	5394	65.2026613	17.39258943	6.035499744
63	16666708	5394	-3.58037412	17.39258943	19.67471246
63	11488320	5394	2.215689399	17.39258943	33.03233616
63	54360	5394	-10.43996711	17.39258943	11.98224446
63	65948	5394	-9.804729286	17.39258943	0.169417625
63	135415867	5394	-1.44644815	17.39258943	1.733294475
63	135409642	5394	6.988792853	17.39258943	-8.770059355
63	447043	5394	2.865275156	17.39258943	15.48532902
63	23685176	5394	-11.59524608	17.39258943	3.4577819
63	10701	5394	-4.560103174	17.39258943	-13.61805851
63	5742832	5394	-3.903913728	17.39258943	1.176655111
63	11980094	5394	5.673870631	17.39258943	0.950387562
63	5281605	5394	-6.151482219	17.39258943	2.761313753
63	64982	5394	4.286243986	17.39258943	-1.746917992
63	65958	5394	14.82734031	17.39258943	4.422774245
63	3101542	5394	-9.737463743	17.39258943	10.89247448
63	16007391	5394	84.13498661	17.39258943	5.649366161
63	400769	5394	87.42632881	17.39258943	12.24972028
63	5362422	5394	-14.64651271	17.39258943	25.3919313
63	5353431	5394	-25.79451108	17.39258943	9.030065526
63	9936012	5394	-8.378142355	17.39258943	9.357570731
63	21700	5394	-17.49170478	17.39258943	-5.968742127
63	6918638	5394	69.64965264	17.39258943	25.54588079
63	2310	5394	-1.602592118	17.39258943	18.33528497
63	5362123	5394	5.544870227	17.39258943	6.804165167
63	77082	5394	17.8416362	17.39258943	0.105665167
63	2315	5394	-16.84027095	17.39258943	6.823398998
63	3032771	5394	7.088537888	17.39258943	16.44920336
63	656667	5394	0.122326869	17.39258943	23.17155557
63	26964	5394	1.468411741	17.39258943	1.464398734
63	2333	5394	4.421066991	17.39258943	43.27947359
63	8478	5394	-0.699092693	17.39258943	16.43904972
63	2337	5394	2.546190649	17.39258943	22.24311351
63	243	5394	13.89067813	17.39258943	-2.109741628
63	1201549	5394	-3.356956665	17.39258943	22.31591423
63	65464	5394	7.444543157	17.39258943	5.542416913
63	54678490	5394	-7.833345357	17.39258943	10.89180552
63	164521	5394	5.265784265	17.39258943	-0.283847838
63	12456	5394	16.76875656	17.39258943	12.86991325
63	2355	5394	0.178259462	17.39258943	-6.524222841
63	66065	5394	-12.46791327	17.39258943	-6.831672028
63	5280489	5394	9.398081011	17.39258943	8.549527763
63	3885	5394	68.78823391	17.39258943	-4.148793322
63	68643	5394	-0.922062477	17.39258943	-5.359407386
63	9782	5394	-13.15960755	17.39258943	-14.81743339
63	71651	5394	-12.02065177	17.39258943	10.67462435
63	2369	5394	1.935472446	17.39258943	8.127059352
63	11548	5394	-10.89321496	17.39258943	13.77798949
63	64971	5394	-6.802880951	17.39258943	-4.420222633
63	82146	5394	-9.776377931	17.39258943	21.99097792
63	11977753	5394	61.09464797	17.39258943	10.28602698
63	39042	5394	14.04215234	17.39258943	-4.301538102
63	53235510	5394	27.1743465	17.39258943	42.11041917
63	57336745	5394	100.0001836	17.39258943	0.001595281
63	11762	5394	77.73821034	17.39258943	11.06198288
63	25023738	5394	10.08868143	17.39258943	15.99735976
63	2375	5394	-9.655406111	17.39258943	9.73642672
63	2378	5394	-0.522432456	17.39258943	28.19578444
63	16736529	5394	77.52803094	17.39258943	8.254357719
63	73581	5394	-8.772034708	17.39258943	7.073523681
63	5311027	5394	-8.158767584	17.39258943	5.604780106
63	71354	5394	-8.916123688	17.39258943	8.962208826
63	448949	5394	61.25088304	17.39258943	31.91373761
63	5280373	5394	3.991323619	17.39258943	-8.002935514
63	171548	5394	-9.470003976	17.39258943	-3.397615145
63	45266847	5394	-11.69781192	17.39258943	14.97673264
63	49836020	5394	-7.133415275	17.39258943	9.346018623
63	2391	5394	-0.004898311	17.39258943	18.08695556
63	6917733	5394	30.87807805	17.39258943	-4.706271439
63	73357457	5394	6.807339685	17.39258943	75.26237363
63	135398492	5394	13.61171071	17.39258943	30.44031248
63	135659062	5394	26.08658094	17.39258943	36.47472255
63	46930981	5394	73.39194979	17.39258943	-0.951659226
63	2415	5394	-7.888046065	17.39258943	10.25692919
63	135402864	5394	54.51818758	17.39258943	9.093361749
63	9926054	5394	14.58884782	17.39258943	42.67123953
63	5495818	5394	-3.714771719	17.39258943	3.103486467
63	54682040	5394	9.210908145	17.39258943	5.217014418
63	24785538	5394	84.31891733	17.39258943	6.636824599
63	24794418	5394	1.582805601	17.39258943	35.70933751
63	44155856	5394	0.929350051	17.39258943	34.80380521
63	57662985	5394	-21.0240803	17.39258943	11.34754465
63	210172	5394	-3.098452022	17.39258943	11.77005175
63	387447	5394	97.83114787	17.39258943	1.45306316
63	185462	5394	9.481298874	17.39258943	1.544009468
63	5328940	5394	40.23290749	17.39258943	33.16831305
63	5287620	5394	90.52742202	17.39258943	2.192412003
63	54405	5394	16.93990874	17.39258943	2.767017116
63	68844	5394	-9.469488413	17.39258943	19.64312529
63	11234052	5394	-2.798314127	17.39258943	29.74386573
63	11154925	5394	10.46310905	17.39258943	14.40634916
63	3654103	5394	-11.09537325	17.39258943	11.41027972
63	2438	5394	-1.141298823	17.39258943	8.531505038
63	23693301	5394	15.50823496	17.39258943	11.63613646
63	5702220	5394	-6.224053656	17.39258943	6.598531705
63	5281067	5394	-4.439054424	17.39258943	12.82294323
63	2453	5394	10.70539989	17.39258943	37.85810764
63	442021	5394	-25.10514039	17.39258943	13.94261124
63	49867928	5394	10.38259944	17.39258943	36.68986283
63	49769085	5394	19.10002215	17.39258943	0.636850607
63	5281004	5394	1.158573511	17.39258943	-16.6388237
63	2466	5394	-5.711073755	17.39258943	-12.76487166
63	6420013	5394	-2.00419839	17.39258943	2.811226075
63	2471	5394	9.972239608	17.39258943	5.322591311
63	16654980	5394	89.71473764	17.39258943	0.472858448
63	64737	5394	1.978112384	17.39258943	6.154913868
63	36431	5394	6.358489679	17.39258943	0.145412929
63	2478	5394	-19.36656571	17.39258943	14.96940317
63	5281222	5394	-7.971960167	17.39258943	12.6061233
63	443867	5394	0.559082546	17.39258943	4.238576668
63	47471	5394	-3.698082891	17.39258943	20.37665057
63	6852391	5394	13.61970375	17.39258943	2.00857004
63	10077147	5394	92.50760346	17.39258943	1.022451792
63	11754511	5394	-9.555103367	17.39258943	36.04126249
63	56649450	5394	-2.578563247	17.39258943	49.46310161
63	9854073	5394	88.06121512	17.39258943	2.292756793
63	25102847	5394	27.4750948	17.39258943	59.95689234
63	689043	5394	8.911457762	17.39258943	1.319808487
63	5281787	5394	3.788658708	17.39258943	12.26652407
63	5283731	5394	1.476563918	17.39258943	-0.662558757
63	5280453	5394	20.38329648	17.39258943	-8.992876476
63	62859	5394	3.745817502	17.39258943	24.16323767
63	5284360	5394	-2.345509168	17.39258943	-10.0749002
63	24360	5394	83.09472404	17.39258943	0.417354673
63	24812758	5394	8.838422206	17.39258943	3.772443917
63	2541	5394	-11.41897971	17.39258943	7.960489385
63	2540	5394	-3.42465608	17.39258943	10.52655362
63	156414	5394	7.986868689	17.39258943	33.67848797
63	60953	5394	30.33646075	17.39258943	-12.4216481
63	44093	5394	6.659195947	17.39258943	8.369889761
63	135511839	5394	-9.792409201	17.39258943	19.62917911
63	2554	5394	1.151057465	17.39258943	2.781953417
63	135705561	5394	-18.29939121	17.39258943	18.49336949
63	20933	5394	-21.14660156	17.39258943	18.12485454
63	636402	5394	-5.394407844	17.39258943	6.142041671
63	34359	5394	8.936938382	17.39258943	10.0834619
63	31072	5394	-24.95209324	17.39258943	14.79527882
63	426756	5394	6.629191105	17.39258943	9.288214767
63	11556711	5394	98.19147621	17.39258943	1.265717962
63	2577	5394	-12.91145969	17.39258943	7.426376845
63	2581	5394	14.12595171	17.39258943	-0.279945501
63	2585	5394	-8.989149732	17.39258943	9.471793876
63	6850808	5394	14.74407788	17.39258943	-13.30362933
63	5458190	5394	0.305394243	17.39258943	9.063149944
63	44224135	5394	-10.66365922	17.39258943	-5.556863814
63	1204893	5394	-16.07561523	17.39258943	-1.25363476
63	2733079	5394	-7.52507116	17.39258943	-2.979004107
63	17751819	5394	5.088750852	17.39258943	22.94806117
63	16202152	5394	64.52029439	17.39258943	6.920104714
63	25154041	5394	85.90647246	17.39258943	11.0615997
63	9933475	5394	58.6716028	17.39258943	37.07247161
63	6915944	5394	7.544722475	17.39258943	-0.968097359
63	6437877	5394	2.86205108	17.39258943	4.420776855
63	44187	5394	11.05050915	17.39258943	-3.565692064
63	9830519	5394	17.52323319	17.39258943	-0.558747472
63	6328657	5394	-16.06730389	17.39258943	9.693955868
63	2662	5394	-3.387674506	17.39258943	-14.68603211
63	24800541	5394	97.40726755	17.39258943	2.061241702
63	56846693	5394	19.36020848	17.39258943	55.50445167
63	57336812	5394	25.56091009	17.39258943	45.99699789
63	27447	5394	-9.169558541	17.39258943	4.322447707
63	6436208	5394	88.86140219	17.39258943	2.866637686
63	10206	5394	-15.47371243	17.39258943	34.1292949
63	55182	5394	10.30704279	17.39258943	10.25544682
63	5974	5394	13.88712734	17.39258943	70.42265152
63	31239	5394	85.59263718	17.39258943	8.267888905
63	1554210	5394	-18.71924943	17.39258943	11.03538742
63	49784945	5394	46.97039952	17.39258943	22.09236353
63	10133	5394	-14.32184727	17.39258943	7.455732847
63	135399748	5394	85.95496565	17.39258943	1.883115711
63	53396311	5394	5.025637037	17.39258943	45.606302
63	5959	5394	4.11697124	17.39258943	-0.981813775
63	2717	5394	-1.786550545	17.39258943	18.70235532
63	1732	5394	3.20396124	17.39258943	2.616863725
63	1794427	5394	4.607516991	17.39258943	7.809165012
63	2720	5394	-4.171319648	17.39258943	5.210541242
63	2722	5394	34.6510246	17.39258943	30.55695861
63	5281068	5394	-11.43361572	17.39258943	36.55065487
63	6240	5394	-11.62251067	17.39258943	10.3900603
63	2727	5394	1.534457688	17.39258943	-12.37468329
63	667467	5394	-9.60623484	17.39258943	6.3594417
63	6301	5394	56.1169797	17.39258943	14.46944112
63	2733	5394	-23.47074043	17.39258943	-3.132869395
63	6209	5394	-19.8096661	17.39258943	18.12718513
63	2741	5394	0.530236993	17.39258943	11.72721424
63	5281607	5394	5.23925948	17.39258943	0.706984369
63	10208	5394	-29.37722958	17.39258943	3.471581636
63	2746	5394	-6.958090192	17.39258943	4.282950461
63	2749	5394	78.06730633	17.39258943	-1.822339522
63	38911	5394	82.78290942	17.39258943	-7.970558097
63	56330	5394	-3.49279081	17.39258943	11.81628827
63	176873	5394	-11.9691962	17.39258943	41.70476371
63	5282138	5394	-16.22873934	17.39258943	12.59458784
63	151170	5394	0.802392497	17.39258943	-3.462456415
63	2754	5394	-2.974241187	17.39258943	-0.989267654
63	2756	5394	-5.216855437	17.39258943	7.576791966
63	156418	5394	-5.365642192	17.39258943	18.13889982
63	101744	5394	-0.672327099	17.39258943	0.82283591
63	8593	5394	-11.44343508	17.39258943	12.04410709
63	5282458	5394	-3.190490822	17.39258943	1.647251836
63	2762	5394	-1.271791293	17.39258943	18.51611424
63	2763	5394	-16.46876724	17.39258943	5.382751317
63	6422124	5394	-0.864033621	17.39258943	15.27275491
63	62886	5394	-17.28694695	17.39258943	-3.221650982
63	135804801	5394	1.636394761	17.39258943	4.396410878
63	20279	5394	74.43130865	17.39258943	4.712181915
63	84029	5394	-19.56002636	17.39258943	5.250605674
63	5281069	5394	-20.36823873	17.39258943	15.23320845
63	153994	5394	-13.27469895	17.39258943	7.785902846
63	73115	5394	-7.611237529	17.39258943	16.81316096
63	37907	5394	20.16415753	17.39258943	7.346304685
63	443385	5394	-14.05233009	17.39258943	7.230926976
63	16051951	5394	-16.90184448	17.39258943	6.703788951
63	16052038	5394	-14.27107368	17.39258943	0.31072098
63	2787	5394	-16.5960824	17.39258943	12.85509265
63	32798	5394	-1.775635346	17.39258943	-9.469956747
63	119182	5394	84.06118144	17.39258943	1.487226918
63	2794	5394	-10.5656468	17.39258943	20.49539746
63	2797	5394	-12.52032692	17.39258943	17.68824968
63	3033832	5394	-9.734614844	17.39258943	25.57719082
63	68539	5394	-5.644984736	17.39258943	11.28402762
63	20179	5394	-17.46723378	17.39258943	-6.784190299
63	60606	5394	6.621160415	17.39258943	8.150060769
63	23360	5394	-0.491539154	17.39258943	5.307650565
63	43231	5394	-17.38094978	17.39258943	2.955307389
63	42574	5394	11.46533109	17.39258943	2.515146507
63	23683671	5394	-15.47743499	17.39258943	2.941646426
63	2812	5394	4.985128027	17.39258943	26.95699433
63	23675320	5394	-9.657850631	17.39258943	13.70198858
63	135398737	5394	5.379200592	17.39258943	2.709712139
63	59174579	5394	0.792454159	17.39258943	26.77381468
63	57335384	5394	1.749220468	17.39258943	31.33465384
63	25151504	5394	-11.65380484	17.39258943	1.871549837
63	216322	5394	5.237502983	17.39258943	3.594854094
63	5745	5394	-1.747658876	17.39258943	9.584910148
63	5281437	5394	0.639686569	17.39258943	6.620119099
63	323	5394	-20.6501155	17.39258943	13.77711083
63	10158940	5394	64.41901797	17.39258943	10.43791899
63	9874913	5394	-4.323906307	17.39258943	12.07401415
63	9843900	5394	-7.871629852	17.39258943	9.597771184
63	24770514	5394	1.978405186	17.39258943	-7.932831724
63	10366136	5394	69.60793887	17.39258943	5.878682097
63	11626560	5394	76.21422172	17.39258943	10.11437509
63	160254	5394	51.33266675	17.39258943	8.010752787
63	11057	5394	76.29413496	17.39258943	2.087701226
63	11646823	5394	-10.90170142	17.39258943	8.27750592
63	24756910	5394	81.22090115	17.39258943	18.07235409
63	54575456	5394	99.78770873	17.39258943	-0.012368242
63	969516	5394	11.06498003	17.39258943	17.49654385
63	14240392	5394	-3.892391703	17.39258943	8.494335689
63	24748573	5394	-17.22371219	17.39258943	15.44206105
63	6420138	5394	83.18941366	17.39258943	2.132515552
63	7533	5394	-0.254779031	17.39258943	-0.56218433
63	2893	5394	-12.93986985	17.39258943	13.18192766
63	67533	5394	-3.633455246	17.39258943	1.208374386
63	25050	5394	64.84335668	17.39258943	1.404480536
63	2907	5394	-14.35953689	17.39258943	5.81815527
63	5284373	5394	-12.99337742	17.39258943	26.23797346
63	5284373	5394	13.70966628	17.39258943	32.31927286
63	13770	5394	-15.7526839	17.39258943	-4.481563027
63	9880	5394	4.042072016	17.39258943	14.86804459
63	47866	5394	-5.344177014	17.39258943	1.368459509
63	9082	5394	-3.462890359	17.39258943	-8.108594583
63	25062766	5394	52.82058247	17.39258943	29.55388467
63	6253	5394	80.79761773	17.39258943	-6.19018308
63	13804	5394	-11.11680709	17.39258943	11.64776509
63	10235	5394	2.640590644	17.39258943	-3.090719302
63	42623951	5394	-1.785463687	17.39258943	14.380083
63	6251	5394	1.218516538	17.39258943	2.97824022
63	6613	5394	-6.843764229	17.39258943	-1.294358107
63	216210	5394	-4.427990374	17.39258943	8.898174634
63	44462760	5394	-8.858873991	17.39258943	12.52922684
63	135398738	5394	31.34423593	17.39258943	-17.32326411
63	25154714	5394	-5.886695446	17.39258943	7.605939238
63	11511120	5394	-4.943253738	17.39258943	69.6941687
63	5281708	5394	-0.814231271	17.39258943	16.46185229
63	6918540	5394	-11.53827838	17.39258943	0.682206784
63	11285588	5394	1.282793506	17.39258943	-1.09871899
63	11442891	5394	79.05785426	17.39258943	7.810366418
63	24906252	5394	-17.46986881	17.39258943	-5.455200117
63	5280569	5394	-3.052339677	17.39258943	-2.613659043
63	214347	5394	20.46418541	17.39258943	53.17211065
63	71352	5394	-9.320680351	17.39258943	18.05231249
63	5311272	5394	-15.27079298	17.39258943	17.13351305
63	16134395	5394	14.83441592	17.39258943	1.24434198
63	444030	5394	19.3612321	17.39258943	-5.070409865
63	23725083	5394	-4.815241621	17.39258943	10.1858536
63	3062316	5394	83.50468097	17.39258943	11.89652079
63	676352	5394	-17.45083924	17.39258943	19.72150591
63	25066467	5394	77.04165885	17.39258943	16.11799847
63	10921	5394	-11.90497876	17.39258943	10.51109318
63	451668	5394	1.721320815	17.39258943	22.74112457
63	214348	5394	19.65452915	17.39258943	33.66052043
63	189821	5394	-5.021515354	17.39258943	-9.693490118
63	11222830	5394	-12.96978872	17.39258943	20.87036801
63	5881	5394	-14.97158335	17.39258943	-11.43346022
63	11745519	5394	-0.188803683	17.39258943	10.57142961
63	9819382	5394	-16.93113272	17.39258943	7.169381256
63	124087	5394	-6.105166493	17.39258943	20.92112246
63	5311066	5394	-18.10356577	17.39258943	7.652301534
63	125017	5394	-8.515416707	17.39258943	15.87941492
63	9800068	5394	-6.767626231	17.39258943	7.708052664
63	56031	5394	3.758707406	17.39258943	14.08089667
63	5743	5394	20.26879558	17.39258943	-18.59494097
63	9578005	5394	0.466459413	17.39258943	2.931678763
63	6918081	5394	21.18332978	17.39258943	-5.877260201
63	71384	5394	18.05567899	17.39258943	5.405127156
63	107526	5394	-23.71982752	17.39258943	-3.629888586
63	26248	5394	3.145003148	17.39258943	7.230926976
63	3023	5394	-13.45655703	17.39258943	1.330584662
63	521951	5394	7.161295281	17.39258943	5.552828803
63	3038	5394	15.44814276	17.39258943	-9.210308307
63	456389	5394	-5.76542653	17.39258943	1.420982634
63	115087	5394	-26.29239233	17.39258943	7.408653896
63	23667642	5394	-7.642159171	17.39258943	-3.988915753
63	5018304	5394	-2.961681258	17.39258943	1.791710993
63	23667628	5394	-3.654186619	17.39258943	12.98718556
63	441344	5394	-13.45191214	17.39258943	7.071553253
63	135398739	5394	-6.39989699	17.39258943	14.49448334
63	68861	5394	-1.098969642	17.39258943	8.410884126
63	448537	5394	3.513419816	17.39258943	15.95922479
63	56205	5394	-19.87705336	17.39258943	-2.223452055
63	443936	5394	-7.923754182	17.39258943	-3.148999544
63	11358077	5394	-6.194083997	17.39258943	11.58006937
63	161557	5394	-6.440419501	17.39258943	8.141582614
63	62920	5394	2.532353011	17.39258943	10.93075399
63	90045	5394	-1.519590351	17.39258943	6.138719817
63	65625	5394	2.363112899	17.39258943	-12.85477173
63	637568	5394	-5.270387178	17.39258943	8.550272518
63	2354	5394	-26.32917403	17.39258943	-8.097623813
63	46926350	5394	78.02042119	17.39258943	0.73387315
63	119245	5394	98.71178562	17.39258943	0.382185711
63	5281612	5394	15.53899783	17.39258943	2.253620865
63	5281613	5394	-1.292153665	17.39258943	4.821612373
63	10831	5394	-16.18989936	17.39258943	2.975512345
63	6126	5394	-13.83351373	17.39258943	-7.169091156
63	8980	5394	5.957067663	17.39258943	13.96985124
63	3108	5394	0.371352343	17.39258943	26.14642181
63	6473883	5394	4.957839818	17.39258943	14.14559117
63	3117	5394	3.670336298	17.39258943	5.168229637
63	23663956	5394	-5.506032616	17.39258943	18.8510871
63	123964	5394	-5.640599419	17.39258943	1.264523437
63	148124	5394	85.33370228	17.39258943	2.919801537
63	71329	5394	17.41523235	17.39258943	12.50154277
63	54726191	5394	4.533882032	17.39258943	0.968408493
63	10866	5394	-6.753307761	17.39258943	42.46035276
63	3151	5394	-7.720451512	17.39258943	8.196881461
63	65340	5394	7.643953866	17.39258943	2.967797198
63	73303	5394	12.88920308	17.39258943	-0.05070567
63	135398510	5394	44.77242734	17.39258943	49.75975251
63	135985126	5394	72.13227442	17.39258943	17.43959028
63	64648	5394	17.14304785	17.39258943	2.060729711
63	62978	5394	4.769934064	17.39258943	14.95925313
63	5281107	5394	20.45033084	17.39258943	-14.68553814
63	18343	5394	1.953241147	17.39258943	-1.925860426
63	50942	5394	29.46376429	17.39258943	-15.99962072
63	31703	5394	69.16002848	17.39258943	8.981853177
63	54686183	5394	-7.0228379	17.39258943	-1.631034006
63	54671203	5394	18.4010973	17.39258943	1.822043968
63	11224	5394	-0.938155674	17.39258943	12.618121
63	219025	5394	-5.383658737	17.39258943	-4.887639999
63	3168	5394	-0.963482459	17.39258943	13.20362234
63	3169	5394	-5.390165114	17.39258943	6.168502563
63	68873	5394	14.08703012	17.39258943	2.667774459
63	568416	5394	4.63680852	17.39258943	8.846455951
63	60834	5394	-19.12743521	17.39258943	3.946847355
63	6918296	5394	9.036916831	17.39258943	12.76316143
63	68304	5394	-13.33393603	17.39258943	18.17912366
63	9051	5394	-2.533715051	17.39258943	8.679490325
63	135533054	5394	-1.906062178	17.39258943	1.36747128
63	3182	5394	-3.60536484	17.39258943	1.259440758
63	123985	5394	-50.19026566	17.39258943	3.823058576
63	3191	5394	-10.88382083	17.39258943	12.17375437
63	68589	5394	-5.506435497	17.39258943	1.226690933
63	4021	5394	19.92869699	17.39258943	-0.25670912
63	44610678	5394	15.21668944	17.39258943	48.37978899
63	2725048	5394	-8.602713335	17.39258943	18.37855675
63	51031035	5394	-4.876389864	17.39258943	23.06221322
63	6444206	5394	99.94047969	17.39258943	0.001595281
63	300471	5394	19.39330987	17.39258943	5.527937779
63	77993	5394	-10.19204973	17.39258943	1.85856824
63	135449332	5394	-1.968875376	17.39258943	15.25171491
63	5277135	5394	-31.5320449	17.39258943	5.02166172
63	3218	5394	7.421968414	17.39258943	4.471867095
63	3220	5394	-17.45922821	17.39258943	1.79866066
63	60877	5394	8.128795546	17.39258943	12.99196343
63	5388961	5394	-0.602910471	17.39258943	0.020641415
63	6917719	5394	14.37115537	17.39258943	4.594063544
63	16041424	5394	95.35584052	17.39258943	4.164354321
63	3229	5394	-17.45572294	17.39258943	6.617881962
63	10114	5394	-8.190082089	17.39258943	-2.075518372
63	71188	5394	-2.595946634	17.39258943	-7.20728416
63	5281081	5394	-8.579745223	17.39258943	8.199926944
63	135398508	5394	8.499982309	17.39258943	-3.208488371
63	4261	5394	31.35092565	17.39258943	19.36205253
63	15951529	5394	-2.541322833	17.39258943	22.73724167
63	1549120	5394	-21.71550208	17.39258943	4.176687277
63	441302	5394	-12.48865627	17.39258943	10.08241904
63	157313	5394	17.59334474	17.39258943	1.236647869
63	5816	5394	4.844686027	17.39258943	8.053455285
63	5815	5394	-1.496703343	17.39258943	0.128483559
63	441411	5394	-3.129165649	17.39258943	-1.996827409
63	65348	5394	77.53203272	17.39258943	2.830089702
63	448013	5394	87.11848497	17.39258943	3.903748785
63	11226684	5394	-5.494027241	17.39258943	0.910804529
63	73356	5394	5.766691621	17.39258943	0.894343928
63	5282474	5394	-2.130549897	17.39258943	8.196881461
63	66558664	5394	-6.926551823	17.39258943	5.556370805
63	67811385	5394	12.68509569	17.39258943	6.023930692
63	60160561	5394	-16.01781916	17.39258943	16.13561345
63	57345410	5394	19.23879135	17.39258943	5.793259689
63	91469	5394	-14.6756191	17.39258943	-6.473815122
63	11214940	5394	55.67237923	17.39258943	37.56442924
63	65632	5394	7.386462144	17.39258943	9.18021177
63	444679	5394	-15.81567728	17.39258943	14.06135023
63	24775005	5394	1.085632252	17.39258943	16.82594497
63	176871	5394	8.032358849	17.39258943	29.88387979
63	222285	5394	-1.727472282	17.39258943	2.68845332
63	12560	5394	6.019230203	17.39258943	4.251475098
63	146571	5394	-13.13639189	17.39258943	8.577378793
63	5281417	5394	-26.03633243	17.39258943	5.36140932
63	104769	5394	-6.025465259	17.39258943	6.462259809
63	10959536	5394	-1.369759839	17.39258943	12.06452662
63	5757	5394	-11.0878977	17.39258943	7.634515318
63	13791	5394	-15.97744107	17.39258943	7.425939111
63	5756	5394	-9.408929206	17.39258943	12.20932227
63	5870	5394	22.45207292	17.39258943	8.718351715
63	15789	5394	2.45676874	17.39258943	29.04003393
63	14051	5394	4.219935211	17.39258943	5.169637601
63	17506	5394	-21.89298572	17.39258943	-11.48804745
63	5991	5394	-5.695477816	17.39258943	-1.234737927
63	2761171	5394	6.63619304	17.39258943	-4.400829338
63	9270	5394	4.64389614	17.39258943	1.586730872
63	3308	5394	6.75633516	17.39258943	7.821819553
63	65777	5394	-3.090502694	17.39258943	3.93171628
63	667484	5394	2.5505097	17.39258943	6.692663643
63	36462	5394	26.98016788	17.39258943	42.80012497
63	72199292	5394	66.17712623	17.39258943	5.31603299
63	193962	5394	-23.97851611	17.39258943	-6.660328739
63	49836058	5394	-10.56541039	17.39258943	9.215247715
63	6442177	5394	8.062849791	17.39258943	29.78865548
63	442088	5394	78.25031917	17.39258943	8.098175379
63	60198	5394	11.45979106	17.39258943	0.421020686
63	150311	5394	-0.419872735	17.39258943	8.812863474
63	3324	5394	-4.139240461	17.39258943	7.150090722
63	5702160	5394	-13.37625506	17.39258943	13.0807155
63	3326	5394	-9.390809514	17.39258943	21.43632183
63	163751	5394	1.842780402	17.39258943	16.12902488
63	134018	5394	0.25982523	17.39258943	3.261057755
63	3331	5394	-2.706775966	17.39258943	5.111670001
63	3333	5394	-15.28125186	17.39258943	18.32922266
63	3334	5394	83.16057062	17.39258943	1.79531265
63	3339	5394	-6.389146076	17.39258943	5.70041783
63	64746	5394	21.64826321	17.39258943	3.165449303
63	68626	5394	7.283120059	17.39258943	9.744893722
63	51754	5394	2.46654633	17.39258943	7.441229398
63	4068248	5394	5.871245297	17.39258943	11.65585717
63	445858	5394	-19.74268196	17.39258943	-0.959534859
63	9849808	5394	-15.76842567	17.39258943	-3.574527546
63	63002	5394	-7.066258481	17.39258943	6.535461831
63	11256664	5394	0.175910632	17.39258943	9.26006572
63	10034073	5394	-9.774294172	17.39258943	5.8410716
63	57363	5394	14.86781773	17.39258943	9.766433381
63	107969	5394	-7.952648628	17.39258943	-3.126775063
63	5281614	5394	-1.444748161	17.39258943	-5.847272123
63	9910986	5394	77.65285705	17.39258943	4.193140797
63	441345	5394	-7.114087185	17.39258943	-1.119518533
63	3362	5394	2.520178556	17.39258943	5.415879145
63	114811	5394	-5.546173246	17.39258943	12.8578967
63	5790	5394	75.48993516	17.39258943	4.365247151
63	35802	5394	87.47697436	17.39258943	0.858778728
63	3365	5394	-0.378674031	17.39258943	15.74226241
63	3366	5394	11.6095145	17.39258943	5.300997332
63	30751	5394	24.46131835	17.39258943	-6.634415348
63	3371	5394	-7.584158303	17.39258943	7.954179263
63	3373	5394	8.56425456	17.39258943	-12.32251594
63	3374	5394	-14.74054994	17.39258943	2.617179871
63	16490	5394	0.815030188	17.39258943	-3.369658739
63	5282407	5394	-3.008467691	17.39258943	12.79696184
63	39212	5394	2.084524559	17.39258943	1.160830493
63	6215	5394	-15.61238276	17.39258943	-9.744316221
63	9642	5394	-3.45969754	17.39258943	-16.24977279
63	240767	5394	0.346966633	17.39258943	-4.174873596
63	62857	5394	1.204516123	17.39258943	-0.309067165
63	6435335	5394	35.01418776	17.39258943	-9.250063246
63	3394	5394	-11.5280751	17.39258943	-1.52652289
63	3397	5394	-11.01961178	17.39258943	9.24268849
63	444036	5394	-2.619695338	17.39258943	-1.611467387
63	23663976	5394	-0.656748069	17.39258943	7.232215207
63	9560989	5394	6.275497847	17.39258943	2.062594283
63	42642645	5394	93.62708126	17.39258943	5.491102414
63	11273	5394	3.92014756	17.39258943	7.512276282
63	5280378	5394	-16.03788636	17.39258943	-10.61027601
63	3083544	5394	-1.22068343	17.39258943	10.96075418
63	47936	5394	-3.698728889	17.39258943	25.73626213
63	135564864	5394	-15.19977215	17.39258943	-13.62804637
63	44561	5394	8.08556384	17.39258943	-10.39466465
63	11671467	5394	92.91845807	17.39258943	6.406383263
63	104741	5394	-5.720212374	17.39258943	17.81921588
63	9576185	5394	-5.643063053	17.39258943	15.55935006
63	3440	5394	-12.63368078	17.39258943	-7.06946975
63	6604561	5394	-22.45039137	17.39258943	-6.014255161
63	153921	5394	25.26784328	17.39258943	2.825171156
63	11188409	5394	-22.55876034	17.39258943	19.06712393
63	6172	5394	-18.74665861	17.39258943	-3.952791018
63	135398740	5394	-15.07970219	17.39258943	7.995428961
63	135564985	5394	77.76449028	17.39258943	8.027460025
63	115067	5394	-21.83426193	17.39258943	-2.300328819
63	5379	5394	9.449027654	17.39258943	1.428249178
63	24788740	5394	3.711497958	17.39258943	21.5574401
63	46940575	5394	-23.92290067	17.39258943	16.46577784
63	59239165	5394	37.57551569	17.39258943	28.62311379
63	11717001	5394	-5.329393414	17.39258943	-15.25131432
63	17755052	5394	45.90733793	17.39258943	23.82887442
63	25254071	5394	73.93304177	17.39258943	0.168434298
63	123631	5394	7.171490338	17.39258943	23.5645493
63	5288382	5394	30.25710492	17.39258943	32.18401403
63	60750	5394	85.13146941	17.39258943	-2.830203071
63	3463	5394	10.07228058	17.39258943	17.01289204
63	442424	5394	54.14150723	17.39258943	-16.13569579
63	107848	5394	-12.33362893	17.39258943	6.875998291
63	443354	5394	0.970434699	17.39258943	9.78753555
63	5280961	5394	3.312552975	17.39258943	9.048631398
63	3033968	5394	33.38678929	17.39258943	-21.94793472
63	54679224	5394	-2.700142173	17.39258943	16.20415047
63	6324617	5394	-14.58287871	17.39258943	14.33470944
63	6324617	5394	-1.537881044	17.39258943	8.438342598
63	9804992	5394	89.64815718	17.39258943	9.273140127
63	3085326	5394	-3.611795488	17.39258943	21.57339396
63	3475	5394	-20.18332695	17.39258943	0.633193661
63	3476	5394	-6.975369568	17.39258943	6.983785769
63	3478	5394	1.178875857	17.39258943	14.68826815
63	91610	5394	-6.088567283	17.39258943	8.85732837
63	3488	5394	-16.01753648	17.39258943	19.20760969
63	14982	5394	-1.459937329	17.39258943	-10.50801907
63	5311510	5394	-4.620447963	17.39258943	-3.802052852
63	3501	5394	5.28113706	17.39258943	31.88841257
63	25113626	5394	62.4917496	17.39258943	15.30607367
63	16118392	5394	27.98321776	17.39258943	49.79448788
63	3503	5394	-4.718370112	17.39258943	33.78445177
63	6890	5394	-8.006919919	17.39258943	5.734434292
63	65264	5394	11.34612468	17.39258943	-13.6332406
63	441140	5394	-9.433780867	17.39258943	7.47064136
63	71729974	5394	-8.511192212	17.39258943	25.2469576
63	23582824	5394	36.4139095	17.39258943	48.01000232
63	46885626	5394	73.74475111	17.39258943	16.24895766
63	24996872	5394	-3.654402623	17.39258943	-0.644675818
63	25182616	5394	12.32559282	17.39258943	18.96525452
63	25124816	5394	-0.183928585	17.39258943	18.05371724
63	25167777	5394	93.76196577	17.39258943	2.554880507
63	9827968	5394	-23.19201562	17.39258943	7.605803527
63	56949517	5394	-11.77754963	17.39258943	5.89270279
63	2800647	5394	-17.29511083	17.39258943	-3.38993989
63	11373846	5394	-10.73343785	17.39258943	25.04459151
63	15983966	5394	85.75789906	17.39258943	2.568257122
63	16725726	5394	11.96959827	17.39258943	32.80090583
63	3516	5394	1.11776636	17.39258943	-0.819696265
63	5702062	5394	20.72264576	17.39258943	5.381110231
63	86471	5394	-1.761048502	17.39258943	-3.100155051
63	5742	5394	-2.454026048	17.39258943	6.937055062
63	135398570	5394	-3.80108428	17.39258943	2.969826521
63	9934458	5394	-26.42604007	17.39258943	-4.3109791
63	11617559	5394	-7.24448988	17.39258943	-0.398343682
63	16078973	5394	-33.49893723	17.39258943	7.253781246
63	9893571	5394	1.695103881	17.39258943	46.73913956
63	9943465	5394	-4.615868901	17.39258943	18.70263427
63	5924208	5394	-1.98313832	17.39258943	-2.125676311
63	10202642	5394	-13.45156505	17.39258943	-3.125381653
63	10253143	5394	5.083969727	17.39258943	-4.124499774
63	11595431	5394	-16.89823809	17.39258943	5.839469198
63	644213	5394	-17.98377832	17.39258943	0.322537987
63	46887681	5394	-12.22130801	17.39258943	8.08544197
63	51038269	5394	92.08885825	17.39258943	6.357829051
63	11957465	5394	-16.07528724	17.39258943	11.59571301
63	3549	5394	-14.4313213	17.39258943	11.28724515
63	443943	5394	-4.553262365	17.39258943	1.568269295
63	6918178	5394	-5.709800775	17.39258943	0.651818708
63	3559	5394	8.475068942	17.39258943	15.16024959
63	1150897	5394	-9.510812605	17.39258943	7.05997969
63	442514	5394	14.81365452	17.39258943	0.906437965
63	42598643	5394	-3.078445938	17.39258943	2.99422968
63	135421442	5394	94.58686523	17.39258943	3.693254001
63	72281	5394	-26.05490649	17.39258943	6.931775722
63	10621	5394	10.78715791	17.39258943	-2.800926429
63	192197	5394	-29.12325814	17.39258943	-3.40074119
63	5818	5394	15.18115065	17.39258943	2.43922473
63	9888590	5394	93.2461813	17.39258943	-4.295491606
63	6419941	5394	7.818717722	17.39258943	0.116111279
63	72303	5394	-7.855836465	17.39258943	-0.583316553
63	68313	5394	-0.751347243	17.39258943	0.530290416
63	12157	5394	-9.407008832	17.39258943	4.050243589
63	3639	5394	-4.19401216	17.39258943	3.280576854
63	5754	5394	4.719379155	17.39258943	-4.348554936
63	3657	5394	-15.29206733	17.39258943	11.71093297
63	91513	5394	-10.0822352	17.39258943	-9.921282288
63	5283820	5394	2.662779106	17.39258943	-0.689585668
63	154417	5394	-5.800476249	17.39258943	-3.846375475
63	46943432	5394	12.00736288	17.39258943	43.57767238
63	52912189	5394	29.92243232	17.39258943	36.48609957
63	24821094	5394	-16.17875626	17.39258943	8.5778577
63	3672	5394	-19.26183342	17.39258943	12.07642521
63	5281065	5394	-14.69295874	17.39258943	-2.83726816
63	5318997	5394	-12.45774569	17.39258943	4.034285669
63	11238147	5394	-2.049312275	17.39258943	19.01456985
63	22024915	5394	-14.1735296	17.39258943	34.0937952
63	791637	5394	-19.81647131	17.39258943	4.07728659
63	3686	5394	-10.43933223	17.39258943	6.083011763
63	11625818	5394	-7.814967776	17.39258943	28.77366378
63	5905	5394	8.488739241	17.39258943	21.85983502
63	9887867	5394	-11.93217283	17.39258943	2.402997934
63	3689	5394	-7.504229434	17.39258943	18.13908127
63	3690	5394	33.58007599	17.39258943	-16.02991069
63	9549298	5394	-15.08335583	17.39258943	75.9419849
63	132519	5394	19.53624336	17.39258943	0.642711296
63	71360	5394	-6.458043581	17.39258943	5.013032238
63	5291	5394	-8.87834331	17.39258943	26.19364306
63	123596	5394	18.40208104	17.39258943	39.93393041
63	5081913	5394	75.42512137	17.39258943	11.54277676
63	5464343	5394	-17.58028733	17.39258943	-6.442355394
63	8228	5394	-10.03570837	17.39258943	16.68291592
63	57469	5394	8.187759421	17.39258943	0.611447651
63	25145656	5394	-14.08959884	17.39258943	19.00891151
63	9827599	5394	3.491021194	17.39258943	-6.213755978
63	3702	5394	-1.072028318	17.39258943	15.77862229
63	10177	5394	-4.967487414	17.39258943	19.00285687
63	3712	5394	-12.98846293	17.39258943	7.1090787
63	3715	5394	-22.41702104	17.39258943	9.873212716
63	9796068	5394	16.0135025	17.39258943	-3.639392444
63	1645	5394	9.125551171	17.39258943	11.20242079
63	135398641	5394	-7.734776191	17.39258943	8.957749895
63	135565181	5394	-17.4180788	17.39258943	15.19103246
63	54685215	5394	12.36785189	17.39258943	3.874086274
63	521106	5394	-9.234748514	17.39258943	20.93748119
63	50905713	5394	20.74604887	17.39258943	30.93105688
63	657308	5394	-9.140453495	17.39258943	-1.154189258
63	3747	5394	-13.50679506	17.39258943	5.962265261
63	3749	5394	1.026040741	17.39258943	6.839300852
63	60838	5394	12.78553725	17.39258943	29.22286559
63	60837	5394	77.55156071	17.39258943	-12.82613755
63	3752	5394	-31.32816165	17.39258943	2.858006173
63	159968	5394	-7.316938564	17.39258943	12.87231962
63	638278	5394	-22.00460916	17.39258943	3.929101518
63	3767	5394	-1.26844877	17.39258943	5.664774096
63	5807	5394	-11.77040685	17.39258943	-0.83139376
63	12597	5394	7.65560256	17.39258943	14.98862286
63	5282379	5394	13.61227958	17.39258943	40.23529358
63	10930	5394	11.55231413	17.39258943	2.09267367
63	6851740	5394	77.53720806	17.39258943	3.985327038
63	3784	5394	22.38858924	17.39258943	10.22641638
63	5311037	5394	-14.75961795	17.39258943	13.02984936
63	55283	5394	96.3066265	17.39258943	2.503063041
63	675434	5394	-16.37704084	17.39258943	10.74264055
63	3045381	5394	-15.47743499	17.39258943	5.273922897
63	16220172	5394	13.59996495	17.39258943	-4.374090047
63	6321424	5394	-6.740388137	17.39258943	7.32153607
63	71601111	5394	16.80554946	17.39258943	74.17883111
63	44483163	5394	-12.38084588	17.39258943	21.82439227
63	6519698	5394	1.025096744	17.39258943	-19.85039924
63	2809273	5394	-1.426538951	17.39258943	-2.299913583
63	11609586	5394	43.5832917	17.39258943	21.69597835
63	46911863	5394	11.7225991	17.39258943	13.46331996
63	5330790	5394	38.13010906	17.39258943	23.18200576
63	4908365	5394	-1.757382659	17.39258943	5.856985515
63	16760588	5394	-7.680800557	17.39258943	-0.829067973
63	5311339	5394	84.57922659	17.39258943	-30.01528716
63	25021165	5394	-6.966415678	17.39258943	8.413993136
63	46173038	5394	-24.19140297	17.39258943	3.076943528
63	5280863	5394	-9.531508125	17.39258943	-1.314257564
63	3822	5394	2.182719027	17.39258943	8.412349449
63	456201	5394	14.52769761	17.39258943	11.80491242
63	3825	5394	-12.14413277	17.39258943	-3.047582261
63	3826	5394	2.317493467	17.39258943	4.102244323
63	5282408	5394	-21.7046434	17.39258943	4.774954077
63	9913405	5394	2.604982846	17.39258943	7.842255353
63	10367662	5394	-15.15835445	17.39258943	15.21010973
63	11317348	5394	71.31146258	17.39258943	9.920343287
63	3830	5394	-7.172688787	17.39258943	6.460105722
63	53495165	5394	67.4219174	17.39258943	8.683732487
63	71496742	5394	62.83724382	17.39258943	10.94802906
63	71481097	5394	67.28591956	17.39258943	6.199565234
63	16736978	5394	30.13586493	17.39258943	50.37582638
63	5278396	5394	8.593046428	17.39258943	21.45028257
63	15953870	5394	4.063355208	17.39258943	43.12701648
63	11427553	5394	84.01398014	17.39258943	6.244084144
63	23116322	5394	73.44535699	17.39258943	2.650769544
63	23635314	5394	82.40468158	17.39258943	3.32860093
63	8582409	5394	3.321462693	17.39258943	2.503221147
63	25310	5394	-11.04374997	17.39258943	10.4418998
63	10917	5394	2.717120014	17.39258943	10.15624504
63	5819	5394	1.562350993	17.39258943	-3.800454129
63	5311217	5394	-3.888680143	17.39258943	3.274764641
63	5484354	5394	-19.68720832	17.39258943	2.063297704
63	5282136	5394	0.365860068	17.39258943	14.66722124
63	60825	5394	-10.70317323	17.39258943	11.22567303
63	3878	5394	12.7399918	17.39258943	-0.544039329
63	3883	5394	11.12047671	17.39258943	8.988843323
63	9941095	5394	1.635548859	17.39258943	21.0205482
63	19429219	5394	-2.106733419	17.39258943	5.408828793
63	6445533	5394	96.99685562	17.39258943	2.436134905
63	54677946	5394	11.27735138	17.39258943	0.653320192
63	57379345	5394	19.29356628	17.39258943	76.58925144
63	51537051	5394	-1.892409999	17.39258943	15.98088491
63	3899	5394	16.10475757	17.39258943	5.11160862
63	216326	5394	-1.335885881	17.39258943	6.017557629
63	9823820	5394	27.36808857	17.39258943	53.34216241
63	3902	5394	1.221598047	17.39258943	18.18367169
63	26879	5394	2.759800691	17.39258943	9.228025745
63	5284583	5394	14.67783897	17.39258943	2.127227991
63	60656	5394	9.146059852	17.39258943	9.236295455
63	65859	5394	6.921126623	17.39258943	0.695215763
63	149096	5394	13.90662973	17.39258943	6.235410049
63	13109	5394	12.39968718	17.39258943	10.14825182
63	3033825	5394	-13.24955336	17.39258943	8.119081038
63	688272	5394	-3.757556192	17.39258943	2.627564101
63	46926973	5394	-21.49255846	17.39258943	4.927463478
63	133021	5394	-11.26336914	17.39258943	-3.108649195
63	6314	5394	1.13997102	17.39258943	2.413915453
63	179651	5394	-18.11453628	17.39258943	12.42554997
63	10096344	5394	-2.729846477	17.39258943	12.04243329
63	71476	5394	-6.250482404	17.39258943	-3.295251735
63	441401	5394	-8.153898603	17.39258943	4.45353617
63	11485656	5394	25.79752695	17.39258943	28.89888435
63	23666110	5394	12.58448363	17.39258943	12.36625618
63	13520	5394	-8.850261976	17.39258943	3.823637401
63	9903	5394	-12.73608272	17.39258943	0.59276908
63	68624	5394	-12.70421154	17.39258943	2.000819222
63	3025944	5394	-8.901148991	17.39258943	19.27109258
63	122125	5394	-19.28068433	17.39258943	17.79249618
63	24798764	5394	2.979242831	17.39258943	0.235871203
63	3950	5394	8.280451166	17.39258943	8.366182196
63	148195	5394	35.5510525	17.39258943	1.740390654
63	39562	5394	-25.46393401	17.39258943	-0.267186381
63	71420	5394	-12.51287139	17.39258943	-0.735743005
63	92727	5394	-4.839953919	17.39258943	0.549875956
63	3957	5394	-11.7170103	17.39258943	-1.745069888
63	11673085	5394	-13.37664936	17.39258943	-0.55140481
63	54690031	5394	0.116654123	17.39258943	10.76638833
63	3961	5394	8.612254042	17.39258943	57.16781649
63	444025	5394	-11.00694331	17.39258943	-9.725240449
63	53232	5394	-25.09908654	17.39258943	10.35374658
63	71399	5394	-12.72175791	17.39258943	13.59059643
63	157920	5394	-5.609191301	17.39258943	7.274044457
63	3003141	5394	6.180474572	17.39258943	-2.265023225
63	151166	5394	-5.539540091	17.39258943	-2.188853551
63	5280637	5394	-3.520155342	17.39258943	13.04889848
63	11655119	5394	-6.563276414	17.39258943	-10.39400419
63	10090485	5394	9.365412771	17.39258943	-2.428867234
63	11570805	5394	-14.47261933	17.39258943	13.86705276
63	11955855	5394	93.72098069	17.39258943	-3.062392705
63	46832368	5394	-14.95903823	17.39258943	10.2040188
63	46213929	5394	85.10721075	17.39258943	9.280370226
63	44251605	5394	-10.77480911	17.39258943	3.963851279
63	46220502	5394	70.99425174	17.39258943	13.98380087
63	49837968	5394	-17.74898693	17.39258943	-0.234129422
63	3973	5394	0.760864709	17.39258943	9.832979234
63	447966	5394	-9.44230861	17.39258943	16.77910392
63	9834591	5394	-17.30781808	17.39258943	-5.067192601
63	10435235	5394	-1.044467249	17.39258943	5.277978499
63	3994	5394	72.75042993	17.39258943	15.3816455
63	16004692	5394	-21.11535658	17.39258943	-10.04029395
63	72300	5394	-0.730419961	17.39258943	14.14087245
63	4006	5394	23.57719473	17.39258943	-4.335812778
63	4008	5394	-11.12238631	17.39258943	22.03862684
63	150762	5394	-13.54183626	17.39258943	14.19648111
63	71478	5394	-0.893617169	17.39258943	5.74082339
63	3002977	5394	-5.812350181	17.39258943	9.163902544
63	60651	5394	-8.086341557	17.39258943	15.3865672
63	10074640	5394	3.862157658	17.39258943	37.21906328
63	11381449	5394	-6.812800719	17.39258943	13.84352545
63	44209036	5394	-0.600978858	17.39258943	25.40145228
63	616236	5394	0.361392747	17.39258943	15.30186819
63	64713	5394	23.13106443	17.39258943	7.975899928
63	68601	5394	-0.95181541	17.39258943	-2.554271083
63	6279	5394	-2.615082818	17.39258943	-4.978110063
63	4044	5394	-3.576141408	17.39258943	7.219558883
63	11683	5394	18.63513419	17.39258943	-4.181021737
63	8566	5394	0.725947001	17.39258943	-7.996403126
63	10288191	5394	-0.267880503	17.39258943	4.406645007
63	896	5394	11.59591185	17.39258943	11.57753457
63	54677470	5394	-11.60299328	17.39258943	4.132570337
63	181458	5394	-11.71541441	17.39258943	15.57453503
63	4055	5394	-1.716656092	17.39258943	13.67937548
63	6461	5394	-20.47043878	17.39258943	12.37155935
63	71668	5394	-21.36959516	17.39258943	6.306147091
63	66070	5394	18.20027248	17.39258943	0.042325609
63	5284587	5394	3.265930428	17.39258943	13.73273797
63	65483	5394	-11.61166472	17.39258943	8.853462738
63	9015	5394	4.303434526	17.39258943	37.4982823
63	667490	5394	3.39392105	17.39258943	6.889794983
63	441130	5394	29.29895148	17.39258943	-2.207522941
63	4075	5394	1.827558106	17.39258943	6.872733045
63	23662354	5394	-4.323266052	17.39258943	6.950288484
63	6291	5394	3.819402013	17.39258943	-6.326836737
63	54685047	5394	-22.01757082	17.39258943	-3.387400298
63	4100	5394	14.74203703	17.39258943	-0.717006072
63	4101	5394	12.90560088	17.39258943	-2.826471923
63	1349907	5394	27.28555846	17.39258943	1.731875232
63	4107	5394	17.76494061	17.39258943	11.28084785
63	126941	5394	77.76320559	17.39258943	2.221433056
63	4114	5394	-7.975341261	17.39258943	5.348407485
63	71183	5394	3.644536568	17.39258943	7.055480638
63	4121	5394	18.73902971	17.39258943	18.50151669
63	5284419	5394	-3.093779372	17.39258943	7.661939405
63	6741	5394	5.171820663	17.39258943	-13.2947735
63	667493	5394	-3.687716878	17.39258943	-3.182448334
63	4165	5394	13.43945762	17.39258943	-0.882066936
63	4170	5394	13.94211719	17.39258943	10.32102378
63	441308	5394	8.045161665	17.39258943	15.0386584
63	4173	5394	-1.674194994	17.39258943	15.20737564
63	64715	5394	-23.45485076	17.39258943	-4.772603857
63	21467	5394	-1.883617576	17.39258943	-4.024170338
63	656511	5394	11.54226263	17.39258943	24.24768349
63	462382	5394	99.16681042	17.39258943	0.362117999
63	24901704	5394	25.77148694	17.39258943	24.96212858
63	68551	5394	11.89233099	17.39258943	8.001917709
63	4189	5394	-16.88122186	17.39258943	4.96145592
63	68553	5394	-10.41017003	17.39258943	3.340948908
63	55245	5394	-22.27037936	17.39258943	-5.166776818
63	441314	5394	-11.73197658	17.39258943	-4.763984292
63	16718576	5394	81.47526198	17.39258943	-3.23369058
63	65833	5394	28.73170374	17.39258943	-15.51174974
63	4197	5394	-21.62577527	17.39258943	-5.515264402
63	9865528	5394	7.245337388	17.39258943	-9.498554659
63	4205	5394	-3.513218574	17.39258943	14.22969726
63	4211	5394	-6.68266134	17.39258943	-3.828406461
63	51082	5394	84.17206114	17.39258943	-5.844928892
63	104762	5394	11.32613002	17.39258943	8.334961193
63	9803433	5394	-5.992937151	17.39258943	7.276123782
63	54698642	5394	5.392233234	17.39258943	2.659890199
63	46930998	5394	-17.10442092	17.39258943	30.28455567
63	44137946	5394	16.28750921	17.39258943	53.06212416
63	11326715	5394	-6.827689832	17.39258943	10.51705904
63	24748204	5394	53.08691289	17.39258943	25.00274355
63	180081	5394	14.2660491	17.39258943	3.146158172
63	24988881	5394	22.5976498	17.39258943	43.37952928
63	11520894	5394	24.28618205	17.39258943	20.68524987
63	11676373	5394	71.9013719	17.39258943	7.424276864
63	16224745	5394	72.84441326	17.39258943	7.027451029
63	1088438	5394	13.07629513	17.39258943	9.854656284
63	44247466	5394	6.750677163	17.39258943	6.721383661
63	1048267	5394	4.160255226	17.39258943	9.837425198
63	25183872	5394	97.89483108	17.39258943	1.431010015
63	11712649	5394	80.52784876	17.39258943	6.062201265
63	49867936	5394	98.41184583	17.39258943	0.619395203
63	54766613	5394	17.7875798	17.39258943	11.55382629
63	9865515	5394	80.26096324	17.39258943	12.54441427
63	4235	5394	-2.691221869	17.39258943	5.156536598
63	54889	5394	13.20533312	17.39258943	-3.021132667
63	65935	5394	-16.51798139	17.39258943	-2.652123285
63	441336	5394	-0.388625245	17.39258943	5.469579747
63	7638	5394	3.733020298	17.39258943	28.23427226
63	23663996	5394	-1.313162811	17.39258943	17.92571653
63	5281670	5394	-0.463306759	17.39258943	9.105153944
63	76621	5394	-19.863342	17.39258943	-9.684749672
63	119583	5394	17.06203619	17.39258943	17.86805884
63	16097729	5394	19.35556841	17.39258943	32.86451497
63	441242	5394	26.02784845	17.39258943	-0.229093385
63	101526	5394	20.78907797	17.39258943	56.06173571
63	4810	5394	-2.025738308	17.39258943	16.21462958
63	119369	5394	45.95138299	17.39258943	32.04331155
63	3025961	5394	-7.499770549	17.39258943	-18.27754919
63	16078986	5394	-11.10203919	17.39258943	12.76759568
63	5281078	5394	49.3136384	17.39258943	-5.27090056
63	446541	5394	41.04177673	17.39258943	-1.21091362
63	5281672	5394	1.12842318	17.39258943	8.79662015
63	5281673	5394	-19.19783848	17.39258943	16.73271252
63	102175	5394	-15.56015839	17.39258943	4.904540933
63	4409	5394	-17.10519939	17.39258943	7.844129952
63	4410	5394	-3.271235279	17.39258943	-9.962582429
63	5311180	5394	8.814993601	17.39258943	13.05353574
63	23667630	5394	26.45072174	17.39258943	-5.881278081
63	4418	5394	2.725547637	17.39258943	8.570269719
63	11957660	5394	12.13395924	17.39258943	9.89522805
63	4421	5394	-3.053890788	17.39258943	-5.92271498
63	5464092	5394	-10.17517558	17.39258943	0.847909507
63	5485201	5394	-13.93999837	17.39258943	6.302066243
63	86278937	5394	40.88823916	17.39258943	23.46043222
63	11079	5394	-1.690785957	17.39258943	-2.119005742
63	156391	5394	11.73984263	17.39258943	7.664942298
63	4440	5394	-21.66255093	17.39258943	-1.829849652
63	932	5394	-7.517569037	17.39258943	-0.477025664
63	442428	5394	5.75786402	17.39258943	-0.191659664
63	442428	5394	-6.414546945	17.39258943	7.718863295
63	5284447	5394	-2.562027306	17.39258943	6.400913435
63	5311309	5394	-24.45041074	17.39258943	-0.587122127
63	71301	5394	-15.76577774	17.39258943	5.240444703
63	2828334	5394	-16.78499293	17.39258943	6.670469626
63	71157	5394	-9.729178266	17.39258943	5.214510207
63	155290	5394	9.62111287	17.39258943	15.05289225
63	3011155	5394	13.22852822	17.39258943	1.373658313
63	30231	5394	6.250055634	17.39258943	7.123838526
63	151075	5394	23.68745591	17.39258943	-1.594624142
63	9915743	5394	54.49885923	17.39258943	26.97595156
63	4463	5394	-11.96951357	17.39258943	6.202756362
63	4472	5394	3.367232761	17.39258943	10.3020643
63	71234	5394	18.13880003	17.39258943	12.32302419
63	41114	5394	5.121263033	17.39258943	23.22660579
63	47528	5394	-7.027090314	17.39258943	-4.139407563
63	936	5394	-6.455990942	17.39258943	-3.778641757
63	11957628	5394	-30.46320484	17.39258943	0.859656596
63	938	5394	-23.28309452	17.39258943	3.685880019
63	4485	5394	-9.969830024	17.39258943	4.491397116
63	4487	5394	21.16447085	17.39258943	1.656058182
63	4488	5394	-15.35613601	17.39258943	10.58533755
63	5337997	5394	1.645180423	17.39258943	24.22578288
63	644241	5394	12.34814295	17.39258943	49.47941774
63	4494	5394	4.740707322	17.39258943	-0.522829158
63	4495	5394	-16.15448955	17.39258943	7.563536625
63	4497	5394	-9.471082884	17.39258943	6.533709939
63	4499	5394	-0.003948829	17.39258943	21.88551457
63	41684	5394	-17.35328237	17.39258943	1.456263874
63	8798	5394	1.341503421	17.39258943	-6.083745679
63	4507	5394	-4.293803598	17.39258943	3.883753345
63	5447130	5394	-19.9001772	17.39258943	-4.060957782
63	3033637	5394	-9.540308861	17.39258943	-1.383000317
63	66558287	5394	-15.14854637	17.39258943	6.949463594
63	22880	5394	13.42582549	17.39258943	19.84371306
63	71521142	5394	63.25420692	17.39258943	27.48601696
63	72344	5394	-10.18897603	17.39258943	7.105249782
63	4122	5394	90.17891012	17.39258943	-1.345312381
63	297812	5394	-26.14789315	17.39258943	5.322233866
63	6230	5394	18.55405082	17.39258943	-10.01573464
63	9933439	5394	-2.415166146	17.39258943	7.379753432
63	54726514	5394	-12.27756337	17.39258943	3.796095488
63	6918446	5394	-20.07973305	17.39258943	-2.357590805
63	5351307	5394	77.84692784	17.39258943	-4.520899362
63	346721	5394	5.284166211	17.39258943	-12.71647726
63	398148	5394	-0.992727095	17.39258943	20.30435751
63	9860529	5394	-13.18596088	17.39258943	-2.105723884
63	11327430	5394	25.72367963	17.39258943	36.87776746
63	216345	5394	-20.45815156	17.39258943	22.09075567
63	9825149	5394	-3.127215825	17.39258943	32.57845206
63	11476171	5394	4.580519314	17.39258943	49.54778256
63	16747388	5394	-33.82752428	17.39258943	75.11021927
63	44206063	5394	9.807710028	17.39258943	7.605159616
63	6440181	5394	-14.70942817	17.39258943	2.819417574
63	6433272	5394	1.83480026	17.39258943	4.196014902
63	789882	5394	-7.106238475	17.39258943	-1.177119491
63	56843157	5394	66.56356492	17.39258943	7.699657214
63	11462174	5394	-13.70985189	17.39258943	10.99111152
63	102484	5394	-0.447230036	17.39258943	-1.829598356
63	10152654	5394	-2.773502622	17.39258943	-0.793095102
63	135398745	5394	-1.266068515	17.39258943	4.155924123
63	23725625	5394	0.988505578	17.39258943	56.63165634
63	10494	5394	5.555177689	17.39258943	1.820913733
63	78358496	5394	-4.453440192	17.39258943	11.58918897
63	130881	5394	-7.431050239	17.39258943	0.228804823
63	5282402	5394	-27.4542731	17.39258943	0.002165319
63	135413505	5394	23.87680414	17.39258943	-4.896790723
63	11689883	5394	1.018839058	17.39258943	14.21399608
63	4594	5394	-13.34189256	17.39258943	14.47353801
63	68647	5394	12.84560726	17.39258943	-5.048662498
63	23642227	5394	98.44602542	17.39258943	0.952329451
63	25067547	5394	97.66956124	17.39258943	2.169412396
63	44828492	5394	30.0208532	17.39258943	-3.873685507
63	5321010	5394	2.614075049	17.39258943	3.455853699
63	3034010	5394	7.81349519	17.39258943	38.39972714
63	28061	5394	4.496243605	17.39258943	-2.51462342
63	967	5394	-9.43823905	17.39258943	9.478510066
63	83823	5394	6.815793812	17.39258943	17.61867701
63	78000	5394	-5.097216141	17.39258943	6.03050706
63	135398516	5394	11.45656048	17.39258943	30.17506711
63	18924996	5394	4.902347458	17.39258943	22.23491542
63	11640390	5394	-3.035922991	17.39258943	23.84606093
63	9868037	5394	22.81900476	17.39258943	28.25676729
63	10228	5394	-19.10327069	17.39258943	38.13931001
63	10027278	5394	1.193565326	17.39258943	29.59276161
63	72092	5394	14.61872965	17.39258943	2.098039732
63	439501	5394	77.71597223	17.39258943	0.067922497
63	71301229	5394	4.843830519	17.39258943	6.511122507
63	4614	5394	8.552986434	17.39258943	7.835300419
63	34312	5394	35.8684581	17.39258943	-20.9565716
63	9936727	5394	12.07702317	17.39258943	10.68307908
63	4621	5394	-8.725689637	17.39258943	22.31172471
63	40854	5394	-13.75007824	17.39258943	14.80192536
63	4622	5394	84.73472312	17.39258943	1.881697926
63	6420040	5394	-1.91025194	17.39258943	5.809548943
63	4634	5394	4.484305117	17.39258943	7.146731021
63	114850	5394	-16.5729779	17.39258943	-7.823421061
63	66259	5394	-12.49635242	17.39258943	-12.45152518
63	5281034	5394	-0.064101299	17.39258943	17.17056484
63	54675779	5394	-13.88451246	17.39258943	2.381711007
63	5282440	5394	8.297546106	17.39258943	-1.231961733
63	6438130	5394	-9.889157374	17.39258943	-2.286114237
63	46931953	5394	-12.85351666	17.39258943	15.93927715
63	23643975	5394	81.65651571	17.39258943	-2.148374017
63	2819993	5394	-9.435108696	17.39258943	3.490193046
63	456199	5394	6.076643956	17.39258943	27.38038842
63	135421197	5394	36.45127923	17.39258943	27.1408213
63	36314	5394	86.57425298	17.39258943	5.844741963
63	46216796	5394	97.34578241	17.39258943	-1.095024212
63	442534	5394	-24.03316661	17.39258943	6.940985299
63	11092	5394	9.990000849	17.39258943	0.272891746
63	73442	5394	10.47028151	17.39258943	9.524679822
63	27350	5394	-0.258014755	17.39258943	-2.22699291
63	43815	5394	-17.74810497	17.39258943	10.27815137
63	16367	5394	1.839483288	17.39258943	3.917814252
63	448013	5394	86.04474031	17.39258943	4.118848078
63	10113978	5394	37.77523804	17.39258943	50.12612704
63	11525740	5394	78.9167308	17.39258943	10.04810436
63	24753719	5394	2.805971915	17.39258943	-1.816457417
63	5311345	5394	7.499190559	17.39258943	12.10282377
63	11957668	5394	-4.05161611	17.39258943	10.75552936
63	4708	5394	0.307808537	17.39258943	29.60093298
63	1401	5394	29.6523175	17.39258943	30.78447621
63	6918454	5394	1.372638525	17.39258943	26.31574885
63	10231331	5394	-8.562051787	17.39258943	24.47812895
63	9826528	5394	9.43382976	17.39258943	32.83473267
63	4713	5394	1.108605573	17.39258943	10.51436027
63	119525	5394	-8.942495996	17.39258943	14.09799918
63	6445562	5394	53.62319727	17.39258943	23.18839326
63	135398748	5394	-10.71905855	17.39258943	11.4784402
63	33630	5394	-31.72090718	17.39258943	-12.96704887
63	23668834	5394	20.53164361	17.39258943	-4.210702802
63	4735	5394	3.392000345	17.39258943	0.180611761
63	47812	5394	-16.64943832	17.39258943	6.259214199
63	16118986	5394	61.23744925	17.39258943	0.437112392
63	17754438	5394	-4.989007402	17.39258943	19.24292086
63	25033539	5394	96.58891219	17.39258943	2.803457208
63	53356806	5394	-14.78638471	17.39258943	10.76418965
63	44195571	5394	79.56845464	17.39258943	6.604532282
63	44516953	5394	86.32330834	17.39258943	5.295716178
63	25154867	5394	-15.125079	17.39258943	50.87049375
63	51371303	5394	-22.67818635	17.39258943	18.38985341
63	135565545	5394	27.95204692	17.39258943	53.20801953
63	71315139	5394	-6.495659682	17.39258943	-4.652049396
63	56956240	5394	0.33180727	17.39258943	-11.89986552
63	11713159	5394	37.86649793	17.39258943	24.60669739
63	11612883	5394	25.83497243	17.39258943	33.53279773
63	71271629	5394	-13.1012713	17.39258943	35.01103492
63	22049997	5394	-16.7754145	17.39258943	10.37959541
63	11249084	5394	40.68748482	17.39258943	41.93041173
63	11715767	5394	-1.761656684	17.39258943	21.01933115
63	46191454	5394	54.63699421	17.39258943	20.20051351
63	8691	5394	15.9396354	17.39258943	8.87835672
63	13266	5394	-10.97415547	17.39258943	5.989069272
63	4760	5394	-20.26440359	17.39258943	0.714547988
63	5282139	5394	4.37973129	17.39258943	9.398763273
63	7108	5394	0.184763756	17.39258943	2.595613213
63	5284441	5394	-9.339682879	17.39258943	1.575164118
63	91430	5394	1.668778351	17.39258943	8.212577293
63	4781	5394	-2.285981277	17.39258943	-4.646074157
63	5284443	5394	-3.872456984	17.39258943	4.536564118
63	1775	5394	-6.471274112	17.39258943	7.402162466
63	657302	5394	-8.980254668	17.39258943	3.652450436
63	4788	5394	-7.177546283	17.39258943	3.564183043
63	6072	5394	-2.47693943	17.39258943	-0.701189754
63	44240850	5394	-7.213997589	17.39258943	11.93659497
63	8574	5394	-9.43984133	17.39258943	5.194083329
63	9884685	5394	38.87376322	17.39258943	34.44319813
63	667639	5394	7.022471996	17.39258943	11.01365021
63	65944	5394	-15.70737872	17.39258943	17.04268851
63	327653	5394	-12.07268965	17.39258943	8.943786662
63	53245636	5394	5.976456621	17.39258943	2.347195798
63	24905149	5394	-12.08847574	17.39258943	13.1155358
63	10275789	5394	95.10611709	17.39258943	-1.409098759
63	6852167	5394	17.22509038	17.39258943	46.23857838
63	5910	5394	-11.56458553	17.39258943	11.25854079
63	44187362	5394	-6.053705864	17.39258943	73.47061035
63	4823	5394	-14.6779421	17.39258943	9.889058635
63	4829	5394	-24.36141842	17.39258943	-1.611355979
63	60560	5394	-14.00673171	17.39258943	2.305303578
63	23666879	5394	-4.937136386	17.39258943	10.10143178
63	638024	5394	-1.980688146	17.39258943	1.240337634
63	4843	5394	14.54865708	17.39258943	-5.808544258
63	636397	5394	82.92772983	17.39258943	-3.954672126
63	40632	5394	3.75966211	17.39258943	-3.22544946
63	4855	5394	-3.743945064	17.39258943	12.75207965
63	54676228	5394	-2.18171618	17.39258943	11.48527205
63	5282452	5394	-11.87192907	17.39258943	16.31014422
63	168993	5394	7.323105709	17.39258943	9.276472281
63	4858	5394	-17.01936387	17.39258943	27.25586611
63	225362	5394	15.05121601	17.39258943	13.6146582
63	24180719	5394	5.108426858	17.39258943	40.04614567
63	4784	5394	11.08724276	17.39258943	-4.36707824
63	311434	5394	-18.30490877	17.39258943	54.20130755
63	5281718	5394	-12.60498481	17.39258943	10.47232054
63	134780	5394	-16.05819257	17.39258943	13.29057916
63	24826799	5394	96.23943211	17.39258943	0.483730637
63	468595	5394	2.486483338	17.39258943	70.97919507
63	23671691	5394	0.569426897	17.39258943	7.54397703
63	5154691	5394	39.19020773	17.39258943	44.52107215
63	24905142	5394	94.40599453	17.39258943	4.03857284
63	4878	5394	36.05439423	17.39258943	49.98326821
63	135565635	5394	41.48033868	17.39258943	28.85031318
63	2817763	5394	-18.37861485	17.39258943	8.32742882
63	49855250	5394	78.37013579	17.39258943	18.34262528
63	148121	5394	77.17866145	17.39258943	2.643755344
63	119570	5394	9.623913522	17.39258943	0.381723925
63	51712	5394	-17.24970219	17.39258943	0.589462704
63	73957	5394	3.87105384	17.39258943	11.15414314
63	4887	5394	-0.624087177	17.39258943	4.236650237
63	4888	5394	6.474115454	17.39258943	5.77859969
63	6918456	5394	9.906061185	17.39258943	2.724675274
63	16759173	5394	7.98600848	17.39258943	-3.448352467
63	4891	5394	12.78611298	17.39258943	9.448562791
63	68546	5394	13.22699652	17.39258943	8.793807586
63	441409	5394	27.52445137	17.39258943	-11.26441779
63	5865	5394	6.386886296	17.39258943	-1.987934492
63	8955	5394	-11.84575592	17.39258943	5.563148536
63	4904	5394	-7.185144683	17.39258943	16.27926054
63	4906	5394	27.46783308	17.39258943	2.200804018
63	6135	5394	11.83476065	17.39258943	10.74702712
63	4909	5394	-9.343596853	17.39258943	2.222153742
63	65341	5394	-14.93587669	17.39258943	17.60224013
63	4911	5394	12.74860215	17.39258943	-1.905926741
63	4912	5394	21.58785623	17.39258943	-7.621339373
63	5795	5394	1.300456848	17.39258943	-3.413566787
63	5281032	5394	0.240035688	17.39258943	12.43843797
63	207841	5394	-4.376167201	17.39258943	14.0738566
63	5994	5394	-28.97882064	17.39258943	22.45205338
63	36708	5394	-15.06054588	17.39258943	8.333942186
63	517321	5394	1.918049547	17.39258943	-2.307450687
63	62882	5394	9.882798368	17.39258943	5.791480124
63	657298	5394	-13.35426727	17.39258943	-2.891032388
63	666418	5394	-15.79786009	17.39258943	12.07029031
63	56948527	5394	22.37238358	17.39258943	41.81386718
63	3052762	5394	10.98564399	17.39258943	-0.996252574
63	9870009	5394	1.809867352	17.39258943	-3.910287013
63	5281807	5394	-0.936814431	17.39258943	6.451417411
63	5284329	5394	-7.142825245	17.39258943	11.9236621
63	5335621	5394	-16.15713348	17.39258943	15.50974303
63	1046	5394	-26.19677	17.39258943	3.150365519
63	7550	5394	15.94058015	17.39258943	17.93916057
63	6019	5394	-4.822069601	17.39258943	7.943218873
63	4993	5394	26.26411388	17.39258943	10.95186856
63	509554	5394	-22.32769808	17.39258943	-4.310984112
63	5280804	5394	-14.28039293	17.39258943	-6.968218957
63	5284452	5394	-17.09986587	17.39258943	9.294765635
63	5002	5394	-34.1060132	17.39258943	15.35811787
63	54891	5394	2.972511114	17.39258943	-2.014765912
63	16211283	5394	-14.30054924	17.39258943	-10.818781
63	11538455	5394	96.95994397	17.39258943	2.658466599
63	24889392	5394	48.87342656	17.39258943	36.31136855
63	11984591	5394	61.92504241	17.39258943	28.83868085
63	11213558	5394	90.50791498	17.39258943	2.743936054
63	6918852	5394	74.44424371	17.39258943	5.864017494
63	107751	5394	2.059020685	17.39258943	-9.153191634
63	56052	5394	-1.43452472	17.39258943	13.76657841
63	11656518	5394	70.34344956	17.39258943	-9.755870831
63	54900	5394	28.21137613	17.39258943	0.408270659
63	54671008	5394	-20.89716022	17.39258943	10.1274298
63	135400182	5394	81.06045317	17.39258943	-3.406881032
63	208902	5394	0.233626078	17.39258943	10.8592216
63	5362129	5394	-7.888452598	17.39258943	6.246450598
63	3001055	5394	-4.880980479	17.39258943	8.157228374
63	56959	5394	2.024564285	17.39258943	13.6383744
63	71279	5394	-6.591053015	17.39258943	9.028719366
63	3052775	5394	-6.294642858	17.39258943	-2.754726116
63	5042	5394	-14.17500675	17.39258943	24.71180375
63	127151	5394	12.7227233	17.39258943	-5.169855142
63	11167602	5394	6.220132666	17.39258943	37.96127253
63	65981	5394	6.923563731	17.39258943	12.17688963
63	449054	5394	-17.74541881	17.39258943	8.644154682
63	5770	5394	2.836903852	17.39258943	22.24928968
63	11609955	5394	40.05657665	17.39258943	23.59910285
63	445154	5394	6.935883475	17.39258943	14.29527483
63	6918462	5394	-1.240017798	17.39258943	-1.309809425
63	702558	5394	-12.00721519	17.39258943	12.27627887
63	56654642	5394	-24.27797893	17.39258943	81.91702058
63	56650312	5394	-10.31468618	17.39258943	15.77606789
63	10639	5394	-15.22695167	17.39258943	-5.07704905
63	1074953	5394	-15.74504441	17.39258943	-3.62935359
63	37542	5394	2.094775209	17.39258943	2.558560088
63	6912	5394	-14.39289511	17.39258943	5.008587582
63	135398743	5394	3.343304971	17.39258943	5.81736336
63	135398735	5394	24.70646993	17.39258943	-7.462069112
63	135403821	5394	3.619913026	17.39258943	7.450345475
63	6436173	5394	-12.8646069	17.39258943	6.433733371
63	6918736	5394	85.09091925	17.39258943	6.691537045
63	6451164	5394	-4.760305206	17.39258943	20.75429313
63	5070	5394	-10.21899538	17.39258943	5.744034757
63	5071	5394	-0.434582702	17.39258943	4.130419799
63	104850	5394	-10.58550798	17.39258943	17.94728667
63	5073	5394	-15.02626811	17.39258943	5.524890596
63	374536	5394	88.29751957	17.39258943	5.22804116
63	31728	5394	-3.220453164	17.39258943	1.776225357
63	392622	5394	-4.858094088	17.39258943	12.3034432
63	9875401	5394	-7.068230904	17.39258943	4.008528121
63	6918078	5394	-12.27163456	17.39258943	3.892466299
63	77997	5394	14.60236794	17.39258943	1.193785313
63	60138149	5394	-3.320196214	17.39258943	7.713932669
63	53340666	5394	-15.88919549	17.39258943	35.95949168
63	441351	5394	-5.503272113	17.39258943	5.553596616
63	5090	5394	-8.381120449	17.39258943	9.058886535
63	449193	5394	-4.760336699	17.39258943	17.52465768
63	5092	5394	-5.382365608	17.39258943	11.50647249
63	5094	5394	5.740804484	17.39258943	13.75425057
63	68727	5394	-10.88947156	17.39258943	5.304151822
63	175804	5394	15.87156259	17.39258943	1.901007847
63	77999	5394	-9.262554423	17.39258943	-0.412245167
63	5282455	5394	72.06706711	17.39258943	-45.9546226
63	72301	5394	5.56920347	17.39258943	8.684834622
63	56704	5394	-4.328204036	17.39258943	12.82653375
63	5480431	5394	11.80738669	17.39258943	0.341877226
63	196968	5394	84.0797239	17.39258943	-65.49084122
63	9931953	5394	11.80001664	17.39258943	52.48861665
63	129228	5394	22.74892015	17.39258943	-0.642299221
63	6449107	5394	-16.3433028	17.39258943	-11.16592392
63	65752	5394	-20.18196844	17.39258943	5.182173896
63	5280805	5394	-19.62728339	17.39258943	-5.460506446
63	25126798	5394	-0.478982776	17.39258943	17.76529303
63	158758	5394	2.509852681	17.39258943	0.803881419
63	50878566	5394	-7.74747232	17.39258943	3.864862501
63	252682	5394	25.02788849	17.39258943	-11.56858114
63	3038502	5394	-1.727004534	17.39258943	9.420104695
63	439503	5394	-17.66914007	17.39258943	3.132769893
63	6872	5394	4.176933236	17.39258943	1.174501039
63	159278	5394	-3.768589574	17.39258943	7.783151001
63	3085092	5394	-32.81512395	17.39258943	4.990050828
63	5717801	5394	-18.69905007	17.39258943	35.4912844
63	6878030	5394	-10.36788746	17.39258943	7.391527377
63	71295845	5394	1.143068652	17.39258943	17.38367844
63	49867926	5394	18.18390936	17.39258943	17.60162692
63	10302451	5394	23.82118229	17.39258943	63.51781847
63	56207	5394	4.524923477	17.39258943	-1.111344897
63	5161	5394	-5.216191453	17.39258943	10.81051395
63	11243969	5394	-8.658158457	17.39258943	8.255722013
63	5169	5394	-2.44314985	17.39258943	15.86917545
63	176155	5394	-1.416525438	17.39258943	7.476988594
63	176158	5394	-6.68340998	17.39258943	3.599866615
63	11957684	5394	2.587028877	17.39258943	-17.08739826
63	5312149	5394	5.669808225	17.39258943	-9.626671218
63	4331799	5394	-7.487526962	17.39258943	12.96866539
63	4210951	5394	-6.515549846	17.39258943	12.75851634
63	4521392	5394	-0.8259847	17.39258943	22.46452289
63	9858940	5394	3.261664053	17.39258943	21.52589842
63	9967941	5394	-1.193731451	17.39258943	6.749699336
63	135421339	5394	-11.14095598	17.39258943	8.808861469
63	9910486	5394	-17.99185741	17.39258943	6.097960631
63	11256720	5394	-17.38795151	17.39258943	13.01674908
63	49867937	5394	79.64803685	17.39258943	2.058501966
63	2807869	5394	-8.744116533	17.39258943	5.276446423
63	400169	5394	75.7733038	17.39258943	2.020593384
63	14515706	5394	-7.908007044	17.39258943	3.664693451
63	163263	5394	-5.801152972	17.39258943	1.605805007
63	929262	5394	0.572930647	17.39258943	3.102281132
63	1274465	5394	-14.6974821	17.39258943	6.426879562
63	24720972	5394	-1.040010881	17.39258943	18.40771818
63	6603108	5394	6.524868954	17.39258943	3.605696075
63	5186	5394	46.6322774	17.39258943	27.53392617
63	71815	5394	-13.3193628	17.39258943	0.761078283
63	160355	5394	2.76869262	17.39258943	18.19345754
63	10127622	5394	-6.07478304	17.39258943	0.151428814
63	9843750	5394	13.10926406	17.39258943	14.51713466
63	5329098	5394	24.49793987	17.39258943	25.44858882
63	160436	5394	-0.927286172	17.39258943	-6.578963355
63	65863	5394	-3.779382923	17.39258943	-9.414085011
63	63009	5394	-19.59894331	17.39258943	11.99333898
63	72307	5394	-19.08486888	17.39258943	-10.64511388
63	134812846	5394	-25.6269762	17.39258943	17.94054166
63	72201027	5394	8.368363803	17.39258943	16.65542747
63	24858111	5394	14.28238056	17.39258943	82.55449436
63	24795070	5394	19.5610809	17.39258943	78.65690195
63	24779724	5394	-4.073032901	17.39258943	49.90569525
63	8742	5394	-6.961324026	17.39258943	4.503000646
63	135413523	5394	0.5699732	17.39258943	13.75749782
63	31553	5394	-5.726566852	17.39258943	3.346020799
63	5312125	5394	9.475150669	17.39258943	1.911883314
63	31553	5394	-34.59369272	17.39258943	-4.83138472
63	54454	5394	-18.26526152	17.39258943	10.66883124
63	5459308	5394	-9.781645093	17.39258943	-3.681134625
63	5284616	5394	14.43395241	17.39258943	31.75640116
63	2827646	5394	-8.850786752	17.39258943	10.18186717
63	6918203	5394	-14.45424008	17.39258943	1.495228667
63	11591741	5394	-4.908106955	17.39258943	4.482533723
63	11477084	5394	-18.57979026	17.39258943	3.147015485
63	45279963	5394	-3.302826874	17.39258943	-1.449066324
63	753704	5394	-0.398850789	17.39258943	18.581399
63	9549284	5394	-0.893087328	17.39258943	5.028431404
63	1361334	5394	7.544637286	17.39258943	-9.139532555
63	104842	5394	83.42480353	17.39258943	-3.034682693
63	3025986	5394	73.50590227	17.39258943	6.31688449
63	24995523	5394	83.75862585	17.39258943	7.554391493
63	24772860	5394	85.65467494	17.39258943	0.509362508
63	2724368	5394	-8.534913336	17.39258943	13.23935523
63	23667548	5394	0.989040836	17.39258943	7.132230723
63	23711819	5394	-34.91793712	17.39258943	-7.686401763
63	23668193	5394	-3.881728403	17.39258943	11.04271394
63	124081848	5394	-11.71127182	17.39258943	10.23170241
63	5258	5394	-11.27656596	17.39258943	-3.685428201
63	68654	5394	4.519391751	17.39258943	-6.283365049
63	16760658	5394	-10.76348747	17.39258943	9.388811607
63	216457	5394	-12.37958697	17.39258943	-13.05922001
63	115269	5394	-2.182172856	17.39258943	5.424717859
63	216239	5394	-5.275472197	17.39258943	33.26074489
63	406563	5394	7.910041773	17.39258943	20.11367488
63	5780	5394	8.99267126	17.39258943	-2.853245958
63	66245	5394	3.337720234	17.39258943	-2.72245144
63	10296883	5394	-2.261593655	17.39258943	6.648829083
63	8515	5394	99.65731293	17.39258943	-0.191355558
63	60464	5394	-28.85254165	17.39258943	13.94466376
63	15541	5394	9.731615806	17.39258943	6.412302392
63	6440717	5394	-8.483624694	17.39258943	10.68562137
63	5833	5394	21.10349264	17.39258943	-0.169329574
63	2797577	5394	-21.25369841	17.39258943	0.425029655
63	25232708	5394	21.61726926	17.39258943	10.59180019
63	68853159	5394	1.508195318	17.39258943	5.95108272
63	2779853	5394	-1.092636182	17.39258943	43.7182363
63	18283	5394	-15.81141546	17.39258943	18.13804191
63	46199207	5394	4.901185025	17.39258943	30.16051471
63	20916937	5394	96.66242392	17.39258943	2.045867941
63	704473	5394	-26.00580322	17.39258943	26.90103917
63	5280794	5394	-8.247422366	17.39258943	-3.314359063
63	19649	5394	-2.034915181	17.39258943	7.855217564
63	29327	5394	-2.376272875	17.39258943	8.1463667
63	656867	5394	4.259156648	17.39258943	8.744205878
63	71485	5394	-6.610256138	17.39258943	15.70770587
63	130313	5394	7.361981137	17.39258943	4.91341639
63	23663973	5394	4.427820842	17.39258943	19.04129131
63	65495	5394	5.424474093	17.39258943	8.138941669
63	4022878	5394	1.092559434	17.39258943	21.0391834
63	5215	5394	-20.80588647	17.39258943	-3.933981656
63	5324	5394	-10.62026578	17.39258943	4.561282876
63	5325	5394	-25.27518865	17.39258943	9.014487142
63	5326	5394	3.650206164	17.39258943	6.407665139
63	5327	5394	-6.258487015	17.39258943	10.19848047
63	5328	5394	-10.23151941	17.39258943	1.438160628
63	358641	5394	-2.267404525	17.39258943	12.6481415
63	5330	5394	3.63250826	17.39258943	3.498202204
63	5333	5394	-6.460696027	17.39258943	17.12729338
63	5336	5394	4.377575307	17.39258943	6.629171274
63	5339	5394	-10.73980447	17.39258943	-4.473134496
63	5340	5394	2.833801822	17.39258943	1.317523343
63	5344	5394	25.4648945	17.39258943	4.824510906
63	1548887	5394	-13.19483491	17.39258943	10.82366176
63	5323	5394	-8.722796544	17.39258943	-2.094906622
63	59772	5394	-17.87324476	17.39258943	22.99001504
63	71773	5394	-25.91626993	17.39258943	12.43668366
63	5359	5394	7.139346724	17.39258943	7.081877691
63	24965990	5394	9.231830815	17.39258943	1.653436396
63	672296	5394	-12.09146736	17.39258943	11.68430441
63	7172	5394	-7.425212636	17.39258943	-2.534754689
63	42609626	5394	-7.538679992	17.39258943	1.68451146
63	2777391	5394	-12.67274332	17.39258943	-5.614583886
63	447912	5394	-16.05467936	17.39258943	24.20474341
63	2723754	5394	10.93445467	17.39258943	13.67207896
63	445643	5394	-12.11814406	17.39258943	11.27667435
63	110635	5394	13.04260556	17.39258943	17.99937513
63	9934347	5394	90.09042412	17.39258943	-4.783468373
63	16038120	5394	69.83581868	17.39258943	17.98536799
63	11620908	5394	5.354368699	17.39258943	28.88812
63	45375887	5394	-3.500849938	17.39258943	-4.705432692
63	46209401	5394	34.79063206	17.39258943	42.49384889
63	9796590	5394	26.09870214	17.39258943	-4.403416649
63	9952773	5394	-2.900064049	17.39258943	13.87134929
63	24963252	5394	3.780888746	17.39258943	34.11159729
63	24857286	5394	2.437946943	17.39258943	-11.45773573
63	16124208	5394	96.25448912	17.39258943	2.614917652
63	26924	5394	-4.68602198	17.39258943	-4.206456718
63	1550286	5394	-13.95101438	17.39258943	16.17066527
63	108143	5394	3.34244064	17.39258943	36.44895079
63	2733525	5394	-16.7612423	17.39258943	16.61816002
63	3038522	5394	29.27383196	17.39258943	27.22826027
63	68077	5394	-27.23348822	17.39258943	7.224832643
63	114917	5394	17.28294614	17.39258943	15.66790863
63	164676	5394	50.75370786	17.39258943	1.729297339
63	148201	5394	-24.55983595	17.39258943	8.036487771
63	10160238	5394	-6.505754844	17.39258943	0.100056777
63	439533	5394	-7.226483837	17.39258943	2.204100951
63	5381	5394	12.92621114	17.39258943	49.7512826
63	2729042	5394	-12.25016255	17.39258943	3.626061245
63	9892071	5394	-3.338432164	17.39258943	0.982640985
63	3010818	5394	-0.186377867	17.39258943	5.909078079
63	9808844	5394	0.616723634	17.39258943	28.44010151
63	159269	5394	7.010732611	17.39258943	13.75266503
63	65999	5394	21.21268682	17.39258943	15.34864388
63	443873	5394	-8.570508857	17.39258943	-9.504017428
63	5394	5394	11.39824463	17.39258943	22.24620309
63	5395	5394	22.50733901	17.39258943	-3.451432888
63	6918289	5394	16.97608641	17.39258943	27.39900018
63	452548	5394	84.01398014	17.39258943	0.174977849
63	464205	5394	9.914680447	17.39258943	4.665444861
63	6398764	5394	7.998724874	17.39258943	-5.580831429
63	1013376	5394	49.84401455	17.39258943	15.74878082
63	54677971	5394	4.820638876	17.39258943	1.592254398
63	63016	5394	1.987244458	17.39258943	-5.17914873
63	1549008	5394	4.585064748	17.39258943	12.55417669
63	5282481	5394	-6.597083308	17.39258943	7.445914717
63	5405	5394	-15.6259586	17.39258943	16.14823938
63	5411	5394	-3.629519549	17.39258943	5.534374357
63	54704426	5394	-13.33815881	17.39258943	4.535783221
63	10309252	5394	-1.779985383	17.39258943	13.92292704
63	16667431	5394	-9.349262549	17.39258943	8.979046443
63	10648	5394	2.735924972	17.39258943	-5.474221087
63	73078	5394	-18.12068474	17.39258943	26.5469471
63	1893668	5394	7.460027301	17.39258943	2.661104099
63	10427712	5394	31.11616848	17.39258943	-13.09126666
63	17751063	5394	-20.24749042	17.39258943	6.754410976
63	16722832	5394	87.16883406	17.39258943	11.9036002
63	16722836	5394	50.31015452	17.39258943	47.91373579
63	9907093	5394	12.29461898	17.39258943	30.79463336
63	5426	5394	20.29896875	17.39258943	-0.042618183
63	5429	5394	-24.5677646	17.39258943	-8.857694728
63	5430	5394	0.816573532	17.39258943	17.51572424
63	135566354	5394	-20.66524476	17.39258943	-1.459432315
63	27200	5394	-2.802735842	17.39258943	10.9744849
63	91758	5394	5.573979405	17.39258943	19.11976301
63	66062	5394	-22.93636619	17.39258943	19.50649976
63	11102	5394	69.26243452	17.39258943	29.37514947
63	23663953	5394	0.837724461	17.39258943	5.108707958
63	336423	5394	-4.772091382	17.39258943	21.25498549
63	9871419	5394	-25.93664969	17.39258943	27.13114214
63	470375	5394	-9.890515053	17.39258943	10.9939781
63	65335	5394	-3.729974892	17.39258943	7.204733637
63	11313622	5394	-5.795208839	17.39258943	2.44182189
63	23625762	5394	-21.98174726	17.39258943	12.35093963
63	54686904	5394	19.63851336	17.39258943	3.723174312
63	5282521	5394	5.117244702	17.39258943	7.730684493
63	5281056	5394	-11.77263563	17.39258943	9.561191704
63	5479	5394	9.716108068	17.39258943	6.028656916
63	5482	5394	6.02976558	17.39258943	3.72199953
63	5483	5394	-16.26997942	17.39258943	7.799400312
63	11431811	5394	-5.057362248	17.39258943	7.461059831
63	7528	5394	-16.52675884	17.39258943	1.348927078
63	159324	5394	9.544197872	17.39258943	43.48664837
63	5803	5394	-12.97806137	17.39258943	22.56568266
63	9911830	5394	48.99378245	17.39258943	35.92356628
63	114869	5394	-0.359571578	17.39258943	6.687482936
63	9926791	5394	-10.92699023	17.39258943	12.64299958
63	10174505	5394	-11.12335139	17.39258943	11.86559762
63	6048	5394	-2.137944639	17.39258943	12.42579755
63	5505	5394	-2.856090112	17.39258943	53.96162012
63	4659569	5394	1.561243119	17.39258943	0.388890324
63	610479	5394	-5.166963179	17.39258943	7.911377413
63	23665411	5394	5.282411682	17.39258943	12.90863136
63	5510	5394	-1.891866754	17.39258943	-14.01224844
63	92965	5394	-5.141071412	17.39258943	21.38134386
63	443879	5394	5.882167138	17.39258943	17.93659388
63	68591	5394	-4.649367641	17.39258943	19.22957615
63	216237	5394	-19.2122241	17.39258943	3.489306762
63	5284627	5394	9.265834801	17.39258943	6.734590538
63	60699	5394	76.401285	17.39258943	3.192615928
63	159325	5394	-5.00407761	17.39258943	25.24118908
63	3005572	5394	-32.11127625	17.39258943	-1.270324272
63	5281576	5394	84.71409146	17.39258943	9.613398588
63	5281576	5394	93.57844291	17.39258943	2.800604392
63	41781	5394	1.65690169	17.39258943	7.89980818
63	15547703	5394	14.79540169	17.39258943	22.68484823
63	9903786	5394	5.274689844	17.39258943	26.36407904
63	11707110	5394	1.760466951	17.39258943	47.50444844
63	5526	5394	-10.54681476	17.39258943	3.079988978
63	5282230	5394	3.299481858	17.39258943	6.735609961
63	2723716	5394	10.79912403	17.39258943	2.897109667
63	62935	5394	5.428253203	17.39258943	6.844969512
63	444795	5394	4.257986515	17.39258943	25.91559026
63	31307	5394	-10.36545963	17.39258943	-3.910056998
63	6436	5394	11.3563916	17.39258943	-8.978657203
63	5546	5394	-5.162454595	17.39258943	13.61039601
63	5560	5394	-3.668255168	17.39258943	-1.146042644
63	444732	5394	95.4887252	17.39258943	3.748280239
63	65399	5394	15.04096884	17.39258943	31.07015086
63	50248	5394	20.23780894	17.39258943	1.964061876
63	66064	5394	5.269012866	17.39258943	-7.794202779
63	6256	5394	15.24710802	17.39258943	32.75183704
63	9458	5394	7.161150731	17.39258943	0.057677614
63	656583	5394	10.63625782	17.39258943	5.765088621
63	358641	5394	-6.686355145	17.39258943	-5.744086623
63	9066	5394	2.494417881	17.39258943	-13.15582162
63	107985	5394	76.26496556	17.39258943	5.273986631
63	6503	5394	-23.06672055	17.39258943	7.283347383
63	5593	5394	7.114305688	17.39258943	5.981032479
63	656665	5394	24.25005859	17.39258943	9.476503282
63	5284631	5394	34.43900224	17.39258943	-13.63163586
63	5486699	5394	-24.43750742	17.39258943	3.969625304
63	5597	5394	11.32317047	17.39258943	7.924410005
63	5289501	5394	14.37224641	17.39258943	42.09394782
63	57336514	5394	3.606887691	17.39258943	-14.75158581
63	11455910	5394	62.47729299	17.39258943	15.22508935
63	9549289	5394	9.048622897	17.39258943	42.37940507
63	5280440	5394	-6.921776721	17.39258943	22.5658278
63	2046	5394	50.15792571	17.39258943	12.20407981
63	310360	5394	2.786436918	17.39258943	-1.2810246
63	16220066	5394	5.832199205	17.39258943	16.52497235
63	9818682	5394	-13.1528958	17.39258943	3.401767973
63	13559281	5394	-16.158416	17.39258943	-4.395938385
63	72551585	5394	-5.697400019	17.39258943	16.81300002
63	73211763	5394	83.53995353	17.39258943	5.26012546
63	1174	5394	25.45993602	17.39258943	-6.837950612
63	167980	5394	-5.464753602	17.39258943	11.64027634
63	1383884	5394	-10.97479541	17.39258943	7.786061356
63	6029	5394	-3.433964476	17.39258943	7.32761299
63	31401	5394	-7.512702937	17.39258943	-1.472558094
63	10296	5394	5.232275926	17.39258943	-11.32556881
63	135398741	5394	-10.89546139	17.39258943	4.770770934
63	119607	5394	-15.17898082	17.39258943	-1.645438781
63	135413534	5394	-16.38965545	17.39258943	10.20877192
63	60195218	5394	-19.36217076	17.39258943	12.99338967
63	16760703	5394	11.41832278	17.39258943	8.08763836
63	60846	5394	-3.919427614	17.39258943	4.294618108
63	3081361	5394	5.789846168	17.39258943	37.89405387
63	1183	5394	8.243361727	17.39258943	-14.46119198
63	31211	5394	0.89322589	17.39258943	-11.87288329
63	135438569	5394	-31.65577264	17.39258943	4.399061147
63	9906942	5394	16.98015808	17.39258943	11.62372914
63	155815	5394	10.18220685	17.39258943	5.598332269
63	42642648	5394	-5.835809688	17.39258943	14.49105353
63	22386467	5394	7.233724375	17.39258943	38.08817171
63	51000408	5394	70.67214173	17.39258943	5.606716883
63	59472121	5394	87.76592619	17.39258943	9.136072678
63	39764	5394	6.41547228	17.39258943	7.930541186
63	42611257	5394	-1.158574334	17.39258943	44.86937751
63	5656	5394	2.130093396	17.39258943	15.42053744
63	62969	5394	-21.41951761	17.39258943	10.67296323
63	21704	5394	-6.5847085	17.39258943	8.990217414
63	6918313	5394	6.429195197	17.39258943	10.03723778
63	6918537	5394	-21.90734595	17.39258943	1.055069878
63	241903	5394	82.03681293	17.39258943	7.090259159
63	5978	5394	81.82842114	17.39258943	6.090529029
63	71307535	5394	86.14783939	17.39258943	0.167724264
63	24776445	5394	4.465315528	17.39258943	10.2444818
63	5311498	5394	-7.748698422	17.39258943	5.221181377
63	54670067	5394	-2.19225342	17.39258943	16.57731092
63	5280793	5394	16.08493555	17.39258943	0.47660848
63	5280795	5394	9.053365669	17.39258943	1.567136611
63	444020	5394	-2.373296136	17.39258943	9.566608394
63	71616	5394	-2.595269669	17.39258943	12.14246192
63	56843850	5394	-36.66143665	17.39258943	-3.34729783
63	2296132	5394	0.285885349	17.39258943	-1.007342738
63	44191096	5394	-12.49647167	17.39258943	-12.60720314
63	46934289	5394	-8.749816661	17.39258943	6.80913895
63	836002	5394	-7.727181611	17.39258943	0.199636822
63	2790	5394	7.918144951	17.39258943	3.01626169
63	46199646	5394	-3.063795006	17.39258943	25.52895862
63	5494449	5394	80.36319971	17.39258943	4.62997249
63	10341154	5394	-21.56482761	17.39258943	15.82346976
63	3038525	5394	5.465013383	17.39258943	11.12944018
63	11398092	5394	-5.285721384	17.39258943	0.237567909
63	16678941	5394	-23.56848349	17.39258943	8.821224683
63	57351886	5394	-12.12612755	17.39258943	7.561481655
63	25229526	5394	59.27140768	17.39258943	32.31346028
63	3795	5394	-15.36892789	17.39258943	13.6370005
63	57519544	5394	-23.22947332	17.39258943	-14.22475552
63	312145	5394	-23.5004642	17.39258943	-0.065656525
63	11210478	5394	-1.457940953	17.39258943	29.93560265
63	5694	5394	-26.53792314	17.39258943	4.239360507
63	25260757	5394	80.87359442	17.39258943	6.435403734
63	44219749	5394	38.55552559	17.39258943	23.0586395
63	44607360	5394	68.27939031	17.39258943	18.21340098
63	44607530	5394	10.87367718	17.39258943	27.06961091
63	72200024	5394	4.775394532	17.39258943	13.36286603
63	44607531	5394	-1.060053811	17.39258943	57.49079823
63	11565518	5394	9.865124426	17.39258943	-10.82348339
63	7020	5394	2.832054749	17.39258943	-3.183073425
63	135418940	5394	-13.27093526	17.39258943	23.17992955
63	57990869	5394	5.052387312	17.39258943	24.78496701
63	1893730	5394	17.29537523	17.39258943	1.715928596
63	10026128	5394	6.071569933	17.39258943	10.87453593
63	59604787	5394	7.688261441	17.39258943	14.92919138
63	57748689	5394	80.53666141	17.39258943	7.220297264
63	68554	5394	-17.14647262	17.39258943	-9.473500469
63	5282386	5394	-16.24855714	17.39258943	3.326297317
63	135191	5394	-27.88384084	17.39258943	-1.399777048
63	9901617	5394	-2.433870964	17.39258943	-0.083368055
63	11178236	5394	91.29840265	17.39258943	4.984234798
63	9956222	5394	2.167005747	17.39258943	27.0315337
63	11454028	5394	-10.10055183	17.39258943	4.449977258
63	6169	5394	-14.03922424	17.39258943	-6.349984475
63	5717	5394	7.964694126	17.39258943	-2.167470894
63	24066	5394	-5.24199659	17.39258943	3.590466338
63	5720	5394	4.37926452	17.39258943	1.598141453
63	60855	5394	-3.524924431	17.39258943	6.391555416
63	1791111	5394	2.30702601	17.39258943	1.335291341
63	100016	5394	-4.553620541	17.39258943	14.87961392
63	9910224	5394	5.327812271	17.39258943	12.05716205
63	35370	5394	-6.9543789	17.39258943	10.63591756
63	60490	5394	-11.35832332	17.39258943	24.60654833
63	26041	5394	99.93680951	17.39258943	-0.261574555
63	60853	5394	10.20547043	17.39258943	5.753214215
63	899323	5394	-43.85637013	17.39258943	30.32490266
63	5329006	5394	12.49666588	17.39258943	22.0581177
63	22624897	5394	-5.71148094	17.39258943	9.22219878
63	5730	5394	12.32781991	17.39258943	16.8115536
63	9914412	5394	82.38475674	17.39258943	10.60148794
63	68740	5394	1.761933816	17.39258943	13.1324229
63	5311	5394	58.08165522	17.39258943	21.65384395
63	60857	5394	0.698223859	17.39258943	1.746900704
63	5734	5394	26.30727717	17.39258943	-11.8426346
63	153997	5394	1.800566811	17.39258943	20.60196031
63	6103	5394	3.313203094	17.39258943	4.864479678
63	11647372	5394	60.82851694	17.39258943	23.25974789
