MASTER_CELL_ID	Drug1_pub	Drug2_pub	Bliss_matrix	HSA_matrix
198	54761306	23725625	0.021746247	0.034386432
198	24856436	23725625	-0.03583744	-0.017233823
198	24856436	54761306	0.035421266	0.084742662
198	16007391	23725625	0.026519512	0.032765452
198	16007391	54761306	-0.053676391	-0.034222585
198	16007391	24856436	-0.018052992	-0.00849761
198	118502708	24856436	-0.037475604	-0.029072374
198	135151360	23725625	-0.009145419	-0.003623526
198	118502708	54761306	7.99e-05	0.006952797
198	118502708	16007391	-0.00542181	-0.001768949
198	54761306	23725625	-0.005528059	0.006483791
198	24856436	23725625	-0.039700372	-0.024619352
198	24856436	54761306	0.013072199	0.062507883
198	16007391	23725625	0.018610489	0.024453802
198	16007391	54761306	-0.039243886	-0.020598929
198	16007391	24856436	-0.001822048	0.006995415
198	118502708	24856436	-0.030012389	-0.019206235
198	135151360	23725625	-0.065593458	-0.053585289
198	118502708	54761306	0.014154134	0.021390473
198	118502708	16007391	-0.004183081	-0.000336667
198	54761306	23725625	0.016949855	0.024120071
198	24856436	23725625	-0.009524032	0.007129565
198	24856436	54761306	-0.003168661	0.046661423
198	16007391	23725625	0.03495775	0.042632956
198	16007391	54761306	-0.014618923	-0.000196999
198	16007391	24856436	-0.007691825	0.000916782
198	118502708	24856436	-0.014852199	-0.00088069
198	135151360	23725625	-0.026238933	-0.017897532
198	118502708	54761306	-0.001682235	0.005158085
198	118502708	16007391	0.006699843	0.0114295
198	135151360	24856436	-0.034384604	-0.012594251
198	135151360	118502708	0.023540431	0.030397554
198	135151360	54761306	0.002624697	0.01316371
198	135151360	16007391	0.02305434	0.029844491
198	46700756	23725625	-0.047040805	-0.032146996
198	46700756	54761306	-0.021612573	0.017344322
198	46700756	24856436	0.022573213	0.079385205
198	46700756	118502708	-0.01014558	-0.003693134
198	46700756	135151360	-0.013702119	-1.96e-06
198	46700756	104842	-0.01786564	0.017880107
198	104842	23725625	0.051496773	0.058706891
198	31703	135151360	0.080670008	0.0922277
198	90132565	23725625	-0.025823957	-0.020447946
198	104842	118502708	0.049268331	0.062523552
198	3082962	23725625	0.037806192	0.045559287
198	135151360	24856436	-0.01187764	0.00480247
198	135151360	118502708	0.029128961	0.035445538
198	135151360	54761306	-0.007646936	0.003486746
198	135151360	16007391	0.071248622	0.075395949
198	46700756	23725625	-0.056964345	-0.039155549
198	46700756	54761306	-0.021095144	0.01554146
198	46700756	24856436	0.040852565	0.094431831
198	46700756	118502708	-0.009691041	0.000265342
198	46700756	135151360	-0.005808159	0.001622
198	46700756	104842	-0.030998417	0.002534416
198	104842	23725625	0.062948314	0.069423454
198	31703	135151360	0.104093968	0.115570312
198	90132565	23725625	-0.034633071	-0.029355072
198	104842	118502708	0.068484047	0.080240155
198	3082962	23725625	0.070631902	0.080188252
198	135151360	24856436	0.017891653	0.035717086
198	135151360	118502708	0.020575651	0.025989809
198	135151360	54761306	0.00239446	0.010726487
198	135151360	16007391	0.036719604	0.043162199
198	46700756	23725625	-0.044355498	-0.033233201
198	46700756	54761306	-0.048849565	-0.012169608
198	46700756	24856436	0.034854473	0.08859181
198	46700756	118502708	-0.032264766	-0.021346904
198	46700756	135151360	-0.019229839	-0.007878982
198	46700756	104842	0.010307096	0.039869414
198	104842	23725625	0.038857754	0.045489
198	31703	135151360	0.053840572	0.065233831
198	90132565	23725625	-0.028921289	-0.023808663
198	104842	118502708	0.070271121	0.080644615
198	3082962	23725625	0.055003591	0.066508685
198	54761306	23725625	-0.006602972	0.012179624
198	24856436	23725625	-0.024796133	-0.002817078
198	24856436	54761306	0.001697826	0.052736554
198	16007391	23725625	0.038561098	0.045537284
198	16007391	54761306	-0.048306348	-0.029914554
198	16007391	24856436	0.024959489	0.045147851
198	118502708	24856436	-0.014069942	0.009935667
198	135151360	23725625	0.021908325	0.03079138
198	118502708	54761306	0.038982636	0.04947418
198	118502708	16007391	0.034613748	0.041306816
198	54761306	23725625	-0.005305977	0.009186459
198	24856436	23725625	-0.039340514	-0.013234284
198	24856436	54761306	-0.012707519	0.039257643
198	16007391	23725625	0.019230839	0.027230235
198	16007391	54761306	-0.021581718	-0.00881574
198	16007391	24856436	0.013682525	0.03779232
198	118502708	24856436	0.03818799	0.05233148
198	135151360	23725625	-0.007935774	0.003468287
198	118502708	54761306	0.011309571	0.025268716
198	118502708	16007391	0.02135013	0.028419195
198	54761306	23725625	-0.001681871	0.015335396
198	24856436	23725625	-0.025918649	-0.004082362
198	24856436	54761306	-0.004960928	0.047777466
198	16007391	23725625	0.019584003	0.02916793
198	16007391	54761306	-0.00849488	0.005378766
198	16007391	24856436	-0.002609633	0.016170826
198	118502708	24856436	-0.012022205	0.008585613
198	135151360	23725625	-0.00787329	0.002552459
198	118502708	54761306	0.004291203	0.017910389
198	118502708	16007391	0.038709993	0.045367108
198	135151360	24856436	-0.025851582	-0.010996429
198	135151360	118502708	0.01739534	0.022067436
198	135151360	54761306	-0.015962132	4.15e-05
198	135151360	16007391	0.004084133	0.011645796
198	46700756	23725625	-0.070297564	-0.054649439
198	46700756	54761306	-0.070460511	-0.025886401
198	46700756	24856436	-0.014923051	0.042807193
198	46700756	118502708	-0.028027842	-0.017916927
198	46700756	135151360	-0.009242756	0.010213238
198	46700756	104842	-0.005924206	0.036931161
198	104842	23725625	0.033919973	0.046389881
198	31703	135151360	0.086725786	0.100745266
198	90132565	23725625	0.004932391	0.012182446
198	104842	118502708	0.069962683	0.076899301
198	3082962	23725625	0.059816885	0.069748815
198	135151360	24856436	-0.049706032	-0.030794353
198	135151360	118502708	0.005646863	0.010868958
198	135151360	54761306	-0.014318695	0.002178831
198	135151360	16007391	0.013714819	0.020173038
198	46700756	23725625	-0.044691387	-0.033923635
198	46700756	54761306	-0.060622236	-0.015959502
198	46700756	24856436	-0.011646119	0.046266749
198	46700756	118502708	-0.033689803	-0.025508435
198	46700756	135151360	-0.017174599	0.003790636
198	46700756	104842	-0.01685064	0.026351993
198	104842	23725625	0.036272377	0.045231904
198	31703	135151360	0.113157622	0.129200051
198	90132565	23725625	-0.034405138	-0.025839613
198	104842	118502708	0.034727664	0.04525875
198	3082962	23725625	0.023879987	0.031015605
198	135151360	24856436	-0.034461611	-0.017243274
198	135151360	118502708	0.034246014	0.038347088
198	135151360	54761306	0.00349689	0.021277727
198	135151360	16007391	0.045040631	0.050298725
198	46700756	23725625	-0.033412203	-0.021588191
198	46700756	54761306	-0.057980586	-0.012556315
198	46700756	24856436	-0.008713276	0.049309833
198	46700756	118502708	-0.026315811	-0.011768043
198	46700756	135151360	-0.023277342	-0.004695469
198	46700756	104842	-0.030708453	0.012900971
198	104842	23725625	0.039140359	0.050220926
198	31703	135151360	0.05014571	0.066524724
198	90132565	23725625	0.023502163	0.027364404
198	104842	118502708	0.043605534	0.051228157
198	3082962	23725625	0.040538742	0.048839321
198	54761306	23725625	0.006939282	0.016341691
198	24856436	23725625	-0.042327696	-0.026812324
198	24856436	54761306	-0.023016291	0.02897735
198	16007391	23725625	0.013750442	0.018578505
198	16007391	54761306	-0.05108472	-0.03890977
198	16007391	24856436	-0.005760581	0.005036558
198	118502708	24856436	-0.04463481	-0.030666035
198	135151360	23725625	-0.029571444	-0.024692092
198	118502708	54761306	-0.025925438	-0.01731826
198	118502708	16007391	-0.017720478	-0.013318839
198	54761306	23725625	-0.008874879	0.003801423
198	24856436	23725625	-0.060466661	-0.037921538
198	24856436	54761306	-0.011961286	0.038400319
198	16007391	23725625	0.036458561	0.042242479
198	16007391	54761306	-0.042088708	-0.029988185
198	16007391	24856436	-0.040920332	-0.031070057
198	118502708	24856436	-0.044312185	-0.035236878
198	135151360	23725625	-0.024458356	-0.019232848
198	118502708	54761306	0.009619575	0.018328869
198	118502708	16007391	-0.013989001	-0.009064172
198	135151360	24856436	-0.009302406	0.01188804
198	135151360	118502708	0.000164475	0.007698985
198	135151360	54761306	-0.032010159	-0.016347252
198	135151360	16007391	0.014168516	0.018364133
198	46700756	23725625	-0.074455593	-0.053745458
198	46700756	54761306	-0.081710482	-0.042765995
198	46700756	24856436	-0.035306352	0.01748438
198	46700756	118502708	-0.047204374	-0.040402703
198	46700756	135151360	-0.071229311	-0.064221992
198	31703	135151360	0.007495683	0.012400215
198	90132565	23725625	-0.037081522	-0.031773206
198	104842	118502708	-0.026566961	-0.020033784
198	3082962	23725625	0.013561173	0.020487127
198	135151360	24856436	-0.078708708	-0.04983421
198	135151360	118502708	-0.018349047	-0.011596086
198	135151360	54761306	-0.039593265	-0.025092343
198	135151360	16007391	-0.009074611	-0.005094518
198	46700756	23725625	-0.082939914	-0.065717066
198	46700756	54761306	-0.087950571	-0.049028998
198	46700756	24856436	-0.046449779	0.006732053
198	46700756	118502708	-0.098890403	-0.092005668
198	46700756	135151360	-0.058499175	-0.05190409
198	31703	135151360	-0.016147928	-0.009211817
198	90132565	23725625	-0.032983815	-0.027615637
198	104842	118502708	-0.031879483	-0.025070131
198	3082962	23725625	-0.001540163	0.00493151
198	135151360	24856436	-0.039007543	-0.020763471
198	135151360	118502708	0.007421655	0.012103976
198	135151360	54761306	-0.030554507	-0.020178299
198	135151360	16007391	0.025055342	0.029366914
198	46700756	23725625	-0.092403292	-0.081479044
198	46700756	54761306	-0.055374457	-0.0164933
198	46700756	24856436	-0.029522502	0.022886021
198	46700756	118502708	-0.038600204	-0.0318449
198	46700756	135151360	-0.051214174	-0.043520405
198	31703	135151360	0.007727634	0.01228117
198	90132565	23725625	-0.032533576	-0.027682177
198	104842	118502708	-0.010884353	-0.003207704
198	3082962	23725625	0.006845254	0.014329593
198	54761306	23725625	-0.002536626	0.009887439
198	24856436	23725625	0.029564711	0.04246858
198	24856436	54761306	0.004243004	0.057881421
198	16007391	23725625	0.021696505	0.033453641
198	16007391	54761306	-0.051233746	-0.031228691
198	16007391	24856436	-0.015907682	-0.007461275
198	118502708	24856436	0.008918058	0.017383816
198	135151360	23725625	-0.02328685	-0.018136434
198	118502708	54761306	-0.041562704	-0.034722851
198	118502708	16007391	-0.004542272	-0.000555435
198	54761306	23725625	0.03332649	0.043664423
198	24856436	23725625	-0.012765155	0.011706458
198	24856436	54761306	0.004713426	0.056919549
198	16007391	23725625	0.032589013	0.042645848
198	16007391	54761306	-0.06495604	-0.045881766
198	16007391	24856436	-0.031981956	-0.023785661
198	118502708	24856436	-0.036815253	-0.02267052
198	135151360	23725625	0.003495125	0.007925923
198	118502708	54761306	0.009812617	0.016595372
198	118502708	16007391	-0.004915498	-0.000241275
198	54761306	23725625	0.031394672	0.04339572
198	24856436	23725625	-0.04381311	-0.026678241
198	24856436	54761306	-0.002930781	0.04699212
198	16007391	23725625	-0.009212717	0.000817201
198	16007391	54761306	-0.058553751	-0.039477105
198	16007391	24856436	-0.034059546	-0.025882203
198	118502708	24856436	-0.024310917	-0.015082194
198	135151360	23725625	-0.018722445	-0.013961946
198	118502708	54761306	0.001392607	0.008417398
198	118502708	16007391	-0.010773384	-0.006941878
198	135151360	24856436	0.000874357	0.029758241
198	135151360	118502708	0.013353128	0.020967702
198	135151360	54761306	0.060015141	0.069212707
198	135151360	16007391	0.032390978	0.040985511
198	46700756	23725625	-0.032992618	-0.021632461
198	46700756	54761306	-0.014629481	0.025892334
198	46700756	24856436	0.025935779	0.084680147
198	46700756	118502708	-0.019355252	-0.004910193
198	46700756	135151360	-0.031239526	-0.016094143
198	46700756	104842	-0.027655505	0.009115295
198	104842	23725625	0.080490956	0.092439353
198	31703	135151360	0.073520886	0.083373636
198	90132565	23725625	0.008507551	0.013110716
198	104842	118502708	0.017179129	0.029262144
198	3082962	23725625	0.023586655	0.042782283
198	135151360	24856436	0.017657505	0.048944387
198	135151360	118502708	0.028850571	0.034357237
198	135151360	54761306	0.007253756	0.018539467
198	135151360	16007391	0.045848089	0.054589812
198	46700756	23725625	-0.020879715	-0.012499728
198	46700756	54761306	-0.04511626	-0.003865062
198	46700756	24856436	0.048801395	0.106653808
198	46700756	118502708	-0.061202952	-0.040170289
198	46700756	135151360	-0.042727065	-0.030285726
198	46700756	104842	-0.050376977	-0.014517815
198	104842	23725625	0.097706439	0.104051536
198	31703	135151360	0.052009745	0.058481953
198	90132565	23725625	-0.000496901	0.004770056
198	104842	118502708	0.037871008	0.056802674
198	3082962	23725625	0.001024525	0.020685497
198	135151360	24856436	-0.01305547	0.019661785
198	135151360	118502708	0.011999093	0.017837184
198	135151360	54761306	0.052073665	0.058933765
198	135151360	16007391	0.018098872	0.025034343
198	46700756	23725625	-0.050623328	-0.044714658
198	46700756	54761306	-0.028094741	0.012832282
198	46700756	24856436	0.040785591	0.097345791
198	46700756	118502708	-0.008626515	0.001322931
198	46700756	135151360	-0.056306099	-0.036826313
198	46700756	104842	-0.049520141	-0.012464661
198	104842	23725625	0.078428156	0.086224034
198	31703	135151360	0.086112832	0.095656942
198	90132565	23725625	-0.015326928	-0.009952374
198	104842	118502708	0.057173578	0.070532426
198	3082962	23725625	0.016957804	0.035417864
198	54761306	23725625	0.013244704	0.02800487
198	24856436	23725625	0.00377843	0.021134367
198	24856436	54761306	-0.007039536	0.045664323
198	16007391	23725625	0.007270979	0.021225614
198	16007391	54761306	-0.056577321	-0.027956534
198	16007391	24856436	0.00394387	0.02029643
198	118502708	24856436	-0.020898299	-0.010615498
198	135151360	23725625	-0.035639828	-0.024410296
198	118502708	54761306	-0.013358511	0.009848793
198	118502708	16007391	-0.01447955	-0.007581335
198	54761306	23725625	0.033516121	0.045831009
198	24856436	23725625	-0.017466148	0.002890901
198	24856436	54761306	0.020361736	0.07375203
198	16007391	23725625	0.032078411	0.045764594
198	16007391	54761306	-0.02776433	-0.003927326
198	16007391	24856436	0.025436302	0.038856147
198	118502708	24856436	-0.030973202	-0.009273268
198	135151360	23725625	-0.070905194	-0.054745602
198	118502708	54761306	-0.001798994	0.007995778
198	118502708	16007391	0.013628191	0.020813465
198	54761306	23725625	0.002908651	0.018921
198	24856436	23725625	0.019932307	0.044548207
198	24856436	54761306	-0.030678	0.02393511
198	16007391	23725625	0.022773916	0.038325137
198	16007391	54761306	-0.004448806	0.025497537
198	16007391	24856436	-0.006561903	0.008549845
198	118502708	24856436	0.051364267	0.060877939
198	135151360	23725625	0.014416104	0.020644269
198	118502708	54761306	0.013678905	0.023893439
198	118502708	16007391	0.01319587	0.023154411
198	135151360	24856436	-0.024059106	0.016037276
198	135151360	118502708	0.019781029	0.033595505
198	135151360	54761306	0.021180826	0.043134763
198	135151360	16007391	0.055958231	0.071179276
198	46700756	23725625	-0.019830341	-0.008446524
198	46700756	54761306	-0.048814531	-0.004827864
198	46700756	24856436	0.021978557	0.076709516
198	46700756	118502708	-0.000962385	0.005060858
198	46700756	135151360	0.007379383	0.0185889
198	46700756	104842	0.008321367	0.051348603
198	104842	23725625	0.070731659	0.08392299
198	31703	135151360	0.08768364	0.099769743
198	90132565	23725625	-0.011295249	-0.006561854
198	104842	118502708	0.052506616	0.062633026
198	3082962	23725625	0.009185482	0.017768366
198	135151360	24856436	-0.02651064	0.014018093
198	135151360	118502708	0.005361168	0.024024297
198	135151360	54761306	0.009433622	0.029775266
198	135151360	16007391	-0.046776293	-0.024689719
198	46700756	23725625	-0.045533688	-0.028865043
198	46700756	54761306	-0.062437072	-0.019785165
198	46700756	24856436	0.014541675	0.068152815
198	46700756	118502708	-0.050380472	-0.041094734
198	46700756	135151360	-0.019595613	-0.006076881
198	46700756	104842	-0.008904431	0.032856637
198	104842	23725625	0.094395266	0.107084128
198	31703	135151360	0.033611092	0.04929368
198	90132565	23725625	-0.010235593	-0.005625782
198	104842	118502708	0.018380182	0.026169186
198	3082962	23725625	0.052511773	0.058795142
198	135151360	24856436	-0.043277221	-0.009627908
198	135151360	118502708	-0.063701763	-0.044833393
198	135151360	54761306	0.002315097	0.015395419
198	135151360	16007391	0.050336021	0.057035837
198	46700756	23725625	-0.048622354	-0.034083541
198	46700756	54761306	-0.012883434	0.029221825
198	46700756	24856436	0.008835288	0.062338292
198	46700756	118502708	-0.0287923	-0.018230445
198	46700756	135151360	-0.078686812	-0.064983645
198	46700756	104842	0.001595417	0.04028813
198	104842	23725625	0.039025241	0.045951003
198	31703	135151360	0.072122229	0.081808349
198	90132565	23725625	-0.008262116	-0.003718476
198	104842	118502708	0.075806435	0.085564239
198	3082962	23725625	0.03424018	0.041763585
198	54761306	23725625	0.029344214	0.051837358
198	24856436	23725625	-0.008472739	0.025185079
198	24856436	54761306	-0.020232603	0.037575723
198	16007391	23725625	-0.009125434	0.008368074
198	16007391	54761306	-0.058886603	-0.034864491
198	16007391	24856436	0.027266277	0.035359632
198	118502708	24856436	0.003654818	0.013826627
198	135151360	23725625	-0.051244314	-0.040169683
198	118502708	54761306	0.007938637	0.014855611
198	118502708	16007391	0.00042832	0.005457564
198	54761306	23725625	0.049770944	0.065454739
198	24856436	23725625	-0.021417926	0.003486759
198	24856436	54761306	-0.005326392	0.053311983
198	16007391	23725625	0.053306995	0.069481248
198	16007391	54761306	-0.081528698	-0.056770371
198	16007391	24856436	0.020153072	0.027876623
198	118502708	24856436	-0.029908671	-0.01696923
198	135151360	23725625	-0.027318411	-0.01903117
198	118502708	54761306	0.004945902	0.014733339
198	118502708	16007391	-0.025173669	-0.019470041
198	54761306	23725625	0.020824471	0.041959797
198	24856436	23725625	-0.027814462	-0.000631665
198	24856436	54761306	-0.017361664	0.037372809
198	16007391	23725625	0.042516242	0.058395189
198	16007391	54761306	-0.049151031	-0.029317314
198	16007391	24856436	0.021275141	0.029902735
198	118502708	24856436	0.003135874	0.015938362
198	135151360	23725625	-0.025836513	-0.017166636
198	118502708	54761306	-0.013473729	-0.002931788
198	118502708	16007391	0.013977314	0.019357718
198	135151360	24856436	-0.001232462	0.033576843
198	135151360	118502708	0.071405916	0.077122694
198	135151360	54761306	0.027817766	0.047915506
198	135151360	16007391	0.026419892	0.045748874
198	46700756	23725625	-0.051165609	-0.045766258
198	46700756	54761306	-0.044506507	-0.00102432
198	46700756	24856436	-0.000917521	0.058230961
198	46700756	118502708	-0.004556133	0.010965868
198	46700756	135151360	-0.066044538	-0.048607967
198	46700756	104842	-0.051714962	-0.012235356
198	104842	23725625	0.120020119	0.132543636
198	31703	135151360	0.087486162	0.104689853
198	90132565	23725625	-0.036284256	-0.031131214
198	104842	118502708	0.028233673	0.045630086
198	3082962	23725625	-0.023752089	-0.009901463
198	135151360	24856436	-0.016809703	0.020823416
198	135151360	118502708	0.025987313	0.0342625
198	135151360	54761306	0.086051356	0.105568277
198	135151360	16007391	0.038926257	0.055608603
198	46700756	23725625	-0.040475102	-0.024491928
198	46700756	54761306	-0.041682295	0.00046632
198	46700756	24856436	0.002567423	0.060578427
198	46700756	118502708	-0.065431354	-0.053560821
198	46700756	135151360	-0.06918746	-0.05490732
198	46700756	104842	-0.037865138	0.001084285
198	104842	23725625	0.084503399	0.098753397
198	31703	135151360	0.055428792	0.074357502
198	90132565	23725625	-0.050899202	-0.045396443
198	104842	118502708	0.049368482	0.062070095
198	3082962	23725625	0.009787952	0.016136693
198	135151360	24856436	-0.029187144	0.007953229
198	135151360	118502708	0.034906394	0.043476016
198	135151360	54761306	0.012378935	0.028150954
198	135151360	16007391	-0.003552852	0.013757456
198	46700756	23725625	-0.05065619	-0.032908303
198	46700756	54761306	-0.034530327	0.005634683
198	46700756	24856436	0.004905057	0.063097143
198	46700756	118502708	-0.025248405	-0.014846346
198	46700756	135151360	-0.068932808	-0.050735221
198	46700756	104842	-0.025450165	0.012050393
198	104842	23725625	0.082758184	0.095186518
198	31703	135151360	0.077540656	0.09239366
198	90132565	23725625	-0.037125736	-0.032181143
198	104842	118502708	0.034496026	0.049697227
198	3082962	23725625	-0.00288999	0.008255474
198	131634760	24856436	-0.000313853	0.034160803
198	131634760	118502708	0.02988639	0.039066298
198	131634760	54761306	0.042203984	0.052587666
198	131634760	16007391	0.068012109	0.07845447
198	131634760	135151360	-0.005213991	0.004307938
198	131634760	25227436	0.014585914	0.022794775
198	131634760	52913813	0.020456744	0.039402265
198	131634760	10127622	0.04722203	0.059773107
198	131634760	49846579	0.024734934	0.040268652
198	86661883	54761306	-0.013838657	0.014080374
198	86661883	24856436	0.048438711	0.060135775
198	86661883	118502708	0.002417401	0.010106051
198	86661883	25227436	0.009036449	0.017624693
198	86661883	16007391	0.020890746	0.028906369
198	86661883	135151360	-0.004693562	0.004367455
198	131634760	24856436	-0.001659418	0.025668362
198	131634760	118502708	0.006290481	0.014502894
198	131634760	54761306	0.030464067	0.042005183
198	131634760	16007391	0.03118688	0.043123083
198	131634760	135151360	0.008829446	0.01692285
198	131634760	25227436	0.028116921	0.036620254
198	131634760	52913813	0.020943009	0.035309099
198	131634760	10127622	0.022804636	0.040925954
198	131634760	49846579	0.012967884	0.0245346
198	86661883	54761306	-0.019210837	0.00414165
198	86661883	24856436	0.005205117	0.016757711
198	86661883	118502708	0.012768622	0.018845863
198	86661883	25227436	-0.007671714	-0.000158149
198	86661883	16007391	0.018981294	0.028149079
198	86661883	135151360	-0.029668923	-0.020780312
198	131634760	24856436	0.004775665	0.042466865
198	131634760	118502708	0.000898675	0.011341412
198	131634760	54761306	0.034171343	0.046361869
198	131634760	16007391	0.060243584	0.068750958
198	131634760	135151360	0.006292181	0.014864111
198	131634760	25227436	-0.016703641	-0.007753975
198	131634760	52913813	0.030486868	0.045786001
198	131634760	10127622	0.025762938	0.043831809
198	131634760	49846579	-0.010687425	0.006717212
198	86661883	54761306	-0.00998071	0.011073933
198	86661883	24856436	0.001969076	0.013329004
198	86661883	118502708	-0.012113057	-0.004904469
198	86661883	25227436	-0.018150344	-0.009839023
198	86661883	16007391	0.022484292	0.031322258
198	86661883	135151360	-0.032607067	-0.023980972
198	86661883	10127622	0.044149656	0.05346866
198	86661883	52913813	0.028406061	0.038968339
198	49846579	54761306	0.035313222	0.062422006
198	49846579	24856436	0.082955987	0.101750484
198	49846579	16007391	0.004599491	0.030458727
198	49846579	118502708	0.017216569	0.033161673
198	49846579	135151360	-0.035216509	-0.01405295
198	49846579	25227436	-0.044874448	-0.020704967
198	49846579	52913813	0.024957466	0.031578881
198	11707110	51001932	0.212390009	0.252300036
198	49846579	24771867	0.054071235	0.079299384
198	49846579	10127622	-0.016719885	0.000583916
198	46700756	104842	-0.017581917	0.029269216
198	86661883	10127622	0.011523208	0.02207728
198	86661883	52913813	0.023553968	0.0349986
198	49846579	54761306	0.010984358	0.03888494
198	49846579	24856436	0.070459178	0.09809833
198	49846579	16007391	0.058606019	0.075054398
198	49846579	118502708	0.001307225	0.017084824
198	49846579	135151360	-0.032183469	-0.011899034
198	49846579	25227436	-0.032067538	-0.010730947
198	49846579	52913813	0.0146435	0.022715135
198	11707110	51001932	0.198236431	0.2406525
198	49846579	24771867	0.066602733	0.090224754
198	49846579	10127622	-0.020998385	-0.004588082
198	46700756	104842	0.025357773	0.074106941
198	86661883	10127622	0.041432183	0.049961059
198	86661883	52913813	0.00424851	0.016258794
198	49846579	54761306	0.003249735	0.038898319
198	49846579	24856436	0.095573086	0.115998095
198	49846579	16007391	0.015966668	0.038623133
198	49846579	118502708	-0.031956129	-0.008012502
198	49846579	135151360	-0.015558599	0.003794519
198	49846579	25227436	-0.061495981	-0.034697232
198	49846579	52913813	0.003730598	0.014053889
198	11707110	51001932	0.208707899	0.248264668
198	49846579	24771867	0.045601254	0.073889114
198	49846579	10127622	-0.007935414	0.006411424
198	46700756	104842	-0.030934165	0.021470934
198	131634760	24856436	-0.007611254	0.018913165
198	131634760	118502708	0.024309018	0.039749525
198	131634760	54761306	0.00908643	0.020724076
198	131634760	16007391	-0.029333865	-0.003221002
198	131634760	135151360	-0.058859705	-0.033942561
198	131634760	25227436	0.050829914	0.057763623
198	131634760	52913813	-0.002991391	0.011867874
198	131634760	10127622	-0.036845977	-0.01616605
198	131634760	49846579	0.002743195	0.011205173
198	86661883	54761306	-0.006696579	0.016583469
198	86661883	24856436	0.003510222	0.014581222
198	86661883	118502708	-0.037929136	-0.025577309
198	86661883	25227436	-0.050689276	-0.039888337
198	86661883	16007391	-0.01795293	-0.007612687
198	86661883	135151360	0.010038869	0.016602805
198	131634760	24856436	-0.011312098	0.017683034
198	131634760	118502708	0.026470699	0.036702398
198	131634760	54761306	-0.034012961	-0.009805422
198	131634760	16007391	0.080923283	0.097661133
198	131634760	135151360	-0.000755922	0.0119196
198	131634760	25227436	0.019199578	0.028628254
198	131634760	52913813	0.031411808	0.041895137
198	131634760	10127622	0.038443999	0.049304494
198	131634760	49846579	0.033138455	0.039705913
198	86661883	54761306	-0.007931809	0.005774031
198	86661883	24856436	0.003549723	0.014720542
198	86661883	118502708	-0.053146468	-0.043158059
198	86661883	25227436	-0.002622193	0.005838288
198	86661883	16007391	0.024480057	0.03350468
198	86661883	135151360	-0.015267816	-0.007984498
198	131634760	24856436	-0.061264207	-0.027419711
198	131634760	118502708	0.024628112	0.033605771
198	131634760	54761306	-0.032622214	-0.010211739
198	131634760	16007391	0.02290965	0.042246773
198	131634760	135151360	0.006923238	0.020727857
198	131634760	25227436	0.034188959	0.043034691
198	131634760	52913813	0.020301454	0.030915005
198	131634760	10127622	0.021164998	0.029793759
198	131634760	49846579	-0.002982091	0.00500145
198	86661883	54761306	-0.002806082	0.008600515
198	86661883	24856436	0.006884289	0.018413158
198	86661883	118502708	-0.003383778	0.002616295
198	86661883	25227436	-0.050965753	-0.036716284
198	86661883	16007391	0.037240955	0.0454366
198	86661883	135151360	0.006292956	0.012781165
198	86661883	10127622	0.043677121	0.055271038
198	86661883	52913813	0.072463563	0.085220929
198	49846579	54761306	-0.052037487	-0.030892469
198	49846579	24856436	0.015387336	0.027601381
198	49846579	16007391	-0.021525279	-0.008068525
198	49846579	118502708	0.012862871	0.023098994
198	49846579	135151360	-0.032266292	-0.012458936
198	49846579	25227436	-0.052664128	-0.037572204
198	49846579	52913813	-0.018267623	-0.010413116
198	11707110	51001932	0.118013328	0.171512687
198	49846579	24771867	-0.008580097	0.004450509
198	49846579	10127622	0.000665337	0.008356466
198	46700756	104842	0.022126347	0.074507698
198	86661883	10127622	0.069221934	0.077863262
198	86661883	52913813	0.022132412	0.040576177
198	49846579	54761306	-0.036327026	-0.012308831
198	49846579	24856436	-0.000258589	0.010836647
198	49846579	16007391	0.027608756	0.038830644
198	49846579	118502708	0.005752341	0.014385376
198	49846579	135151360	0.022196249	0.032846918
198	49846579	25227436	-0.027020848	-0.015388498
198	49846579	52913813	-0.031407348	-0.023243117
198	11707110	51001932	0.080332908	0.134879996
198	49846579	24771867	-0.016924616	-0.006915806
198	49846579	10127622	-0.051631102	-0.042187288
198	46700756	104842	-0.032503081	0.019908508
198	86661883	10127622	0.009782832	0.027126663
198	86661883	52913813	0.007824377	0.028159234
198	49846579	54761306	-0.050655453	-0.0300792
198	49846579	24856436	-0.035621079	-0.024655321
198	49846579	16007391	0.031563388	0.043867401
198	49846579	118502708	0.009703816	0.020646425
198	49846579	135151360	0.0215148	0.033211575
198	49846579	25227436	0.012842437	0.021545715
198	49846579	52913813	-0.020050501	-0.011953423
198	11707110	51001932	0.092022723	0.148732914
198	49846579	24771867	-0.023269959	-0.009279665
198	49846579	10127622	-0.024754941	-0.016490898
198	46700756	104842	-0.010110406	0.042485581
198	131634760	24856436	0.047640974	0.076597603
198	131634760	118502708	0.052561831	0.059559187
198	131634760	54761306	0.020200751	0.030510622
198	131634760	16007391	0.089565071	0.103699322
198	131634760	135151360	-0.007812386	0.006294333
198	131634760	25227436	0.053960833	0.061934986
198	131634760	52913813	0.023212655	0.03777107
198	131634760	10127622	0.031379688	0.050900276
198	131634760	49846579	0.028819223	0.042508644
198	86661883	54761306	-0.014597588	0.01193173
198	86661883	24856436	0.011863093	0.022414788
198	86661883	118502708	-0.030469467	-0.02141271
198	86661883	25227436	-0.065839441	-0.055436063
198	86661883	16007391	0.035012278	0.043564383
198	86661883	135151360	-0.029030252	-0.020093009
198	131634760	24856436	0.024786523	0.063299196
198	131634760	118502708	0.024567036	0.036235577
198	131634760	54761306	0.025922966	0.036295208
198	131634760	16007391	0.049619416	0.066685335
198	131634760	135151360	-0.035104345	-0.01568027
198	131634760	25227436	0.020669579	0.028884485
198	131634760	52913813	0.026237455	0.042377715
198	131634760	10127622	0.023925088	0.045320732
198	131634760	49846579	0.045950863	0.056509037
198	86661883	54761306	-0.012803641	0.007477069
198	86661883	24856436	-0.012467897	-0.00217858
198	86661883	118502708	-0.003617156	0.005717781
198	86661883	25227436	-0.037543116	-0.027281905
198	86661883	16007391	0.017922362	0.026438801
198	86661883	135151360	-0.0417644	-0.031891203
198	131634760	24856436	0.013512552	0.06006223
198	131634760	118502708	0.033128289	0.042016255
198	131634760	54761306	0.033873174	0.047781385
198	131634760	16007391	0.073610142	0.087431162
198	131634760	135151360	-0.009358661	0.007710793
198	131634760	25227436	0.014439405	0.023640407
198	131634760	52913813	-0.001929636	0.01675071
198	131634760	10127622	0.047142847	0.066466635
198	131634760	49846579	0.008083923	0.020556561
198	86661883	54761306	-0.04744695	-0.016960098
198	86661883	24856436	0.038677383	0.049684956
198	86661883	118502708	-0.016378907	-0.008222441
198	86661883	25227436	-0.027100094	-0.017085158
198	86661883	16007391	0.003019441	0.013896848
198	86661883	135151360	-0.043576347	-0.03474755
198	86661883	10127622	0.058393631	0.071180444
198	86661883	52913813	0.044828702	0.05811648
198	49846579	54761306	-0.025581494	0.011721686
198	49846579	24856436	0.05863923	0.080522405
198	49846579	16007391	0.031685233	0.057363849
198	49846579	118502708	0.002939951	0.025368321
198	49846579	135151360	-0.039796644	-0.014000404
198	49846579	25227436	-0.068886756	-0.043752584
198	49846579	52913813	-0.021802479	-0.011483468
198	11707110	51001932	0.097991067	0.154183446
198	49846579	24771867	0.051480271	0.073875328
198	49846579	10127622	-0.037610886	-0.019304615
198	46700756	104842	-0.026007384	0.034652175
198	86661883	10127622	0.055445194	0.066356846
198	86661883	52913813	0.012600535	0.027639889
198	49846579	54761306	-0.036915717	0.004406589
198	49846579	24856436	0.059722526	0.08550582
198	49846579	16007391	0.029149985	0.053357522
198	49846579	118502708	0.005957881	0.029286911
198	49846579	135151360	-0.01705324	0.007816781
198	49846579	25227436	-0.054736745	-0.031984488
198	49846579	52913813	-0.025078456	-0.009354491
198	11707110	51001932	0.114937029	0.169159559
198	49846579	24771867	0.048698434	0.073521743
198	49846579	10127622	-0.025260223	-0.008185606
198	46700756	104842	-0.014669618	0.045914121
198	86661883	10127622	0.03634489	0.04774489
198	86661883	52913813	0.039632261	0.051209165
198	49846579	54761306	-0.024715622	0.016252161
198	49846579	24856436	0.064504374	0.084887798
198	49846579	16007391	0.00709099	0.031278393
198	49846579	118502708	0.019532649	0.035909589
198	49846579	135151360	-0.051809644	-0.029607467
198	49846579	25227436	-0.049992569	-0.026706463
198	49846579	52913813	-0.033804318	-0.024594636
198	11707110	51001932	0.108406791	0.162331505
198	49846579	24771867	-0.039017225	-0.005616421
198	49846579	10127622	-0.012705685	-0.001510734
198	46700756	104842	-0.013112566	0.048452299
198	86661883	10127622	0.057287728	0.074505528
198	86661883	52913813	0.009065484	0.032435651
198	49846579	54761306	0.017758856	0.054550246
198	49846579	24856436	-0.010503912	0.000172112
198	49846579	16007391	-0.007402902	0.010608121
198	49846579	118502708	-0.006972181	0.006868381
198	49846579	135151360	-0.065799442	-0.049719081
198	49846579	25227436	-0.058416532	-0.041228257
198	49846579	52913813	-0.016911395	-0.010199002
198	11707110	51001932	0.164898896	0.213943498
198	49846579	24771867	0.013220193	0.030895476
198	49846579	10127622	-0.012188362	-0.004251827
198	46700756	104842	0.025158253	0.085308262
198	86661883	10127622	0.029612199	0.050339985
198	86661883	52913813	0.05846777	0.070196403
198	49846579	54761306	-0.012655975	0.011127936
198	49846579	24856436	-0.012614812	-0.001734151
198	49846579	16007391	0.026887838	0.040484934
198	49846579	118502708	-0.050069593	-0.032899499
198	49846579	135151360	-0.031741864	-0.018215425
198	49846579	25227436	-0.027335372	-0.01588884
198	49846579	52913813	-0.015039539	-0.009333265
198	11707110	51001932	0.220033026	0.261672969
198	49846579	24771867	0.070439877	0.085185413
198	49846579	10127622	-0.014519371	-0.005817802
198	46700756	104842	0.010036884	0.073022432
198	86661883	10127622	0.045942351	0.065478814
198	86661883	52913813	0.026681572	0.04223022
198	49846579	54761306	-0.017313809	0.01499814
198	49846579	24856436	-0.001904293	0.010559381
198	49846579	16007391	0.010162165	0.0257516
198	49846579	118502708	-0.039558026	-0.021828543
198	49846579	135151360	-0.004221986	0.007388872
198	49846579	25227436	-0.04034555	-0.026064015
198	49846579	52913813	0.001451064	0.007241571
198	11707110	51001932	0.20493987	0.252707573
198	49846579	24771867	0.089460625	0.105786976
198	49846579	10127622	0.029426981	0.03618018
198	46700756	104842	0.001744439	0.061436113
198	131634760	24856436	0.053755797	0.094420769
198	131634760	118502708	0.017381647	0.026049121
198	131634760	54761306	0.035134828	0.045586176
198	131634760	16007391	0.086051306	0.096641455
198	131634760	135151360	-0.022652926	-0.012615697
198	131634760	25227436	-0.013951312	-0.005829462
198	131634760	52913813	-0.00886376	0.002866165
198	131634760	10127622	0.009469516	0.025087418
198	131634760	49846579	-0.043091888	-0.030585682
198	86661883	54761306	-0.097485369	-0.068808946
198	86661883	24856436	0.006835707	0.018041121
198	86661883	118502708	-0.037789225	-0.029598828
198	86661883	25227436	-0.026529894	-0.019605945
198	86661883	16007391	-0.005757152	0.002328291
198	86661883	135151360	-0.016349208	-0.01006837
198	131634760	24856436	0.052696677	0.089225852
198	131634760	118502708	0.021954501	0.030728555
198	131634760	54761306	0.049247368	0.059648533
198	131634760	16007391	0.04283283	0.056577757
198	131634760	135151360	-0.020194337	-0.009286797
198	131634760	25227436	-0.026926753	-0.018197436
198	131634760	52913813	-0.014408158	0.000148295
198	131634760	10127622	-0.031022067	-0.012061696
198	131634760	49846579	-0.014636914	-0.001208633
198	86661883	54761306	-0.075815665	-0.050686151
198	86661883	24856436	0.018572989	0.02991335
198	86661883	118502708	-0.01004083	-0.004305212
198	86661883	25227436	-0.032559904	-0.024926556
198	86661883	16007391	0.005552127	0.012261983
198	86661883	135151360	-0.024674185	-0.018673331
198	131634760	24856436	0.112976132	0.138472189
198	131634760	118502708	0.028834548	0.038465895
198	131634760	54761306	0.043694055	0.056412729
198	131634760	16007391	0.043920245	0.061852699
198	131634760	135151360	-0.0047914	0.003907862
198	131634760	25227436	-0.006900676	0.000308301
198	131634760	52913813	-0.004857821	0.009378131
198	131634760	10127622	0.012566615	0.029860452
198	131634760	49846579	-0.041407133	-0.024673556
198	86661883	54761306	-0.064747031	-0.043694118
198	86661883	24856436	0.014171482	0.025459986
198	86661883	118502708	-0.032330411	-0.023993447
198	86661883	25227436	-0.02329999	-0.014486684
198	86661883	16007391	0.007633833	0.015435299
198	86661883	135151360	-0.04698757	-0.038780699
198	86661883	10127622	-0.011904828	0.009847784
198	86661883	52913813	-0.001439188	0.017911414
198	49846579	54761306	-0.045806673	-0.020543249
198	49846579	24856436	-0.00356808	0.008794524
198	49846579	16007391	0.009232313	0.022696069
198	49846579	118502708	-0.016697179	-0.005571841
198	49846579	135151360	0.0059793	0.016491155
198	49846579	25227436	-0.063443977	-0.045685925
198	49846579	52913813	-0.028606954	-0.020958538
198	11707110	51001932	0.189745016	0.238405233
198	49846579	24771867	0.00832598	0.022946621
198	49846579	10127622	-0.039619983	-0.031352372
198	46700756	104842	-0.038547502	0.018425798
198	86661883	10127622	0.00580616	0.025964253
198	86661883	52913813	0.021506165	0.038796979
198	49846579	54761306	-0.029302217	-0.008000773
198	49846579	24856436	-0.046732986	-0.033907471
198	49846579	16007391	0.021306111	0.031846844
198	49846579	118502708	-0.010891505	0.000334167
198	49846579	135151360	-0.012221858	-0.001000534
198	49846579	25227436	-0.017375663	-0.004975997
198	49846579	52913813	-0.016951602	-0.010618888
198	11707110	51001932	0.181812169	0.231557375
198	49846579	24771867	0.033054758	0.04340789
198	49846579	10127622	-0.027724079	-0.020314361
198	46700756	104842	-0.066925631	-0.009291459
198	86661883	10127622	0.018216592	0.035594923
198	86661883	52913813	0.025349972	0.044819061
198	49846579	54761306	-0.082448454	-0.052830071
198	49846579	24856436	-0.023332296	-0.008123195
198	49846579	16007391	-0.004960735	0.008326943
198	49846579	118502708	-0.003509303	0.005936039
198	49846579	135151360	-0.019227021	-0.004343403
198	49846579	25227436	-0.035720233	-0.024431708
198	49846579	52913813	-0.028197742	-0.020768132
198	11707110	51001932	0.155860362	0.206233199
198	49846579	24771867	0.02945454	0.043060538
198	49846579	10127622	-0.042804465	-0.033759223
198	46700756	104842	-0.030991677	0.02573216
198	131634760	24856436	-0.05247751	-0.026208056
198	131634760	118502708	0.002602788	0.017934172
198	131634760	54761306	0.025600326	0.036167558
198	131634760	16007391	-0.000616393	0.019099753
198	131634760	135151360	-0.054780925	-0.037937296
198	131634760	25227436	0.028748359	0.036558414
198	131634760	52913813	-0.002747236	0.013464506
198	131634760	10127622	0.051137886	0.06651972
198	131634760	49846579	0.019206734	0.026554005
198	86661883	54761306	-0.018826956	0.008384157
198	86661883	24856436	0.046327337	0.057924451
198	86661883	118502708	-0.034111675	-0.024611594
198	86661883	25227436	-0.043465249	-0.03091505
198	86661883	16007391	0.012204655	0.019106577
198	86661883	135151360	-0.012130428	-0.005909976
198	131634760	24856436	-0.038097236	-0.018825553
198	131634760	118502708	-0.011481183	0.002709125
198	131634760	54761306	-0.00640038	0.006519581
198	131634760	16007391	0.021592119	0.038389059
198	131634760	135151360	-0.03545029	-0.020693028
198	131634760	25227436	0.018457048	0.027319872
198	131634760	52913813	0.01282675	0.026004067
198	131634760	10127622	0.016946402	0.035858932
198	131634760	49846579	-0.009097407	0.00208105
198	86661883	54761306	0.005093451	0.021609143
198	86661883	24856436	0.042440087	0.05385476
198	86661883	118502708	-0.021631145	-0.013031608
198	86661883	25227436	-0.046072136	-0.033829549
198	86661883	16007391	-0.018295564	-0.009880403
198	86661883	135151360	-0.00842026	-0.000733052
198	131634760	24856436	-0.076818108	-0.045695637
198	131634760	118502708	-0.038672542	-0.031121741
198	131634760	54761306	-0.013112148	0.007310428
198	131634760	16007391	-0.016064195	-0.006797898
198	131634760	135151360	-0.035610258	-0.026959335
198	131634760	25227436	-0.009904685	0.003997027
198	131634760	52913813	0.002962768	0.01602985
198	131634760	10127622	0.050742943	0.059642125
198	131634760	49846579	-0.023864263	-0.016021124
198	86661883	54761306	0.014483858	0.029969451
198	86661883	24856436	0.050911389	0.067165322
198	86661883	118502708	-0.011521391	-0.001121132
198	86661883	25227436	-0.0315489	-0.013394719
198	86661883	16007391	0.038904796	0.049845835
198	86661883	135151360	-0.022969119	-0.007409192
198	86661883	10127622	0.006502801	0.020924436
198	86661883	52913813	0.025754334	0.036031889
198	49846579	54761306	0.008895873	0.035084655
198	49846579	24856436	-0.005887876	0.00852568
198	49846579	16007391	0.009935904	0.021904766
198	49846579	118502708	0.045844613	0.053876164
198	49846579	135151360	0.016590488	0.030383712
198	49846579	25227436	-0.010495553	0.009082723
198	49846579	52913813	-0.014005439	-0.007910027
198	11707110	51001932	0.209285452	0.253655147
198	49846579	24771867	-0.005983981	0.008473035
198	49846579	10127622	-0.037183524	-0.026121618
198	46700756	104842	0.025439765	0.080862724
198	86661883	10127622	0.033134778	0.043427874
198	86661883	52913813	0.010615379	0.02406178
198	49846579	54761306	0.002999639	0.030773975
198	49846579	24856436	-0.005452492	0.015610953
198	49846579	16007391	0.04206799	0.049107251
198	49846579	118502708	0.015040787	0.026300339
198	49846579	135151360	0.054147041	0.063758132
198	49846579	25227436	0.029991208	0.046086835
198	49846579	52913813	-0.000553281	0.005506254
198	11707110	51001932	0.125645407	0.178710178
198	49846579	24771867	0.048276956	0.062301218
198	49846579	10127622	-0.047419998	-0.037909034
198	46700756	104842	-0.016167988	0.041751979
198	86661883	10127622	0.039396385	0.052513519
198	86661883	52913813	-0.017923672	-0.001909992
198	49846579	54761306	-0.015001612	0.009405126
198	49846579	24856436	-0.03095562	-0.019580518
198	49846579	16007391	-0.015861925	0.000575514
198	49846579	118502708	0.024136782	0.033094082
198	49846579	135151360	0.012061862	0.026024204
198	49846579	25227436	-0.001761227	0.015317832
198	49846579	52913813	-0.006730805	-0.000806554
198	11707110	51001932	0.161616223	0.211474422
198	49846579	24771867	0.040131291	0.053574403
198	49846579	10127622	-0.004857518	0.003421205
198	46700756	104842	-0.014778221	0.040531222
198	131634760	24856436	0.01441185	0.029140189
198	131634760	118502708	0.0263122	0.032776971
198	131634760	54761306	0.01519631	0.027143908
198	131634760	16007391	0.010605318	0.020279803
198	131634760	135151360	-0.008291549	0.000383165
198	131634760	25227436	-0.002576028	0.005365433
198	131634760	52913813	0.0129256	0.0225678
198	131634760	10127622	0.063512361	0.074535843
198	131634760	49846579	-0.00483153	0.007340307
198	86661883	54761306	0.026227557	0.051062159
198	86661883	24856436	-0.007482766	0.003814492
198	86661883	118502708	-0.004387815	0.003372005
198	86661883	25227436	-0.055829467	-0.043867407
198	86661883	16007391	0.00264638	0.009353452
198	86661883	135151360	-0.002013346	0.00455012
198	131634760	24856436	-0.023453201	-0.010714222
198	131634760	118502708	0.022913617	0.030843268
198	131634760	54761306	-0.025829959	-0.015321409
198	131634760	16007391	0.033312489	0.042976007
198	131634760	135151360	9.93e-05	0.014718624
198	131634760	25227436	-0.035369823	-0.025649504
198	131634760	52913813	0.019208597	0.028046482
198	131634760	10127622	0.034952686	0.050215734
198	131634760	49846579	0.04558181	0.054427695
198	86661883	54761306	-0.028553609	-0.000196802
198	86661883	24856436	-0.001644658	0.010074549
198	86661883	118502708	-0.027538842	-0.019461224
198	86661883	25227436	-0.028512689	-0.019212557
198	86661883	16007391	-0.028088108	-0.020128492
198	86661883	135151360	-0.0096751	-0.002872241
198	131634760	24856436	-0.026080603	-0.009541716
198	131634760	118502708	-0.001640237	0.005557312
198	131634760	54761306	-0.001468397	0.010205567
198	131634760	16007391	0.014918262	0.027006203
198	131634760	135151360	-0.015268629	-0.00448703
198	131634760	25227436	-0.014600023	-0.005776062
198	131634760	52913813	0.012402948	0.021303443
198	131634760	10127622	0.036673263	0.046070022
198	131634760	49846579	0.047776109	0.054382346
198	86661883	54761306	0.048409733	0.063971397
198	86661883	24856436	-0.015662951	-0.004290753
198	86661883	118502708	-0.037008279	-0.028098443
198	86661883	25227436	-0.008335376	4.63e-06
198	86661883	16007391	-0.016258988	-0.009146647
198	86661883	135151360	-0.021308367	-0.014329313
198	118693659	24856436	-0.0806096146050645	-0.0200663959634844
198	118693659	131634760	-0.0086868607962367	0.0035627965542024
198	118693659	54761306	-0.0208662581398864	0.028929436700523
198	118693659	16007391	0.0098447829288449	0.0292504303475194
198	118693659	49846579	-0.0092636659534941	0.0078116257513261
198	118693659	86661883	-0.022443163599684	-0.0053689488090273
198	118693659	10127622	-0.0420492979272449	-0.000513332032165309
198	68289010	131634760	-0.028951797864972	-0.0214604799796998
198	68289010	86661883	-0.0291212422874532	-0.022292796946357
198	68289010	49846579	-0.0276183910955798	-0.0190952738681494
198	10127622	54761306	-0.0072478953419839	0.0312338108607316
198	10127622	16007391	0.034107564906889	0.048614680790865
198	123631	126689157	-0.0396810968897145	-0.0316067248226736
198	10127622	24856436	-0.0537112594422842	0.0053083047945947
198	10127622	126689157	-0.0278277123711654	-0.0168645902495928
198	118693659	24856436	-0.0492738797003169	0.0218798653070617
198	118693659	131634760	-0.0363955603601488	-0.0227505871717517
198	118693659	54761306	0.0730588186717261	0.106478671806812
198	118693659	16007391	0.0043227699889045	0.0312080016579357
198	118693659	49846579	-0.0575497194102974	-0.0426421160680667
198	118693659	86661883	0.0591385594763152	0.0685394511835979
198	118693659	10127622	0.0068412292663047	0.0449807146682125
198	68289010	131634760	-0.0385600701507415	-0.0232720419526172
198	68289010	86661883	-0.0792361157935365	-0.061720038486298
198	68289010	49846579	-0.0656078902639365	-0.0501290224085879
198	10127622	54761306	-0.0067020356706604	0.0220059388463904
198	10127622	16007391	0.0379944934774242	0.0623166779365005
198	123631	126689157	-0.0922386881504002	-0.0837926730342963
198	10127622	24856436	-0.0177936463550929	0.0270845119516741
198	10127622	126689157	-0.0417958304759614	-0.0270407621063953
198	118693659	24856436	-0.0330597083606042	0.0356693846336085
198	118693659	131634760	-0.0223675757858808	-0.0089569435012167
198	118693659	54761306	0.0539972730289469	0.0988309604503931
198	118693659	16007391	0.0269143817478944	0.0492689718496518
198	118693659	49846579	-0.0301565413915451	-0.0169309116385749
198	118693659	86661883	0.030288579698313	0.04091768692406
198	118693659	10127622	0.0018782584913679	0.0418317702362857
198	68289010	131634760	-0.0322049911654626	-0.019696266818867
198	68289010	86661883	-0.0145644661626191	-0.005225110341239
198	68289010	49846579	-0.0576214641490631	-0.0431007660538245
198	10127622	54761306	0.0504674917083414	0.0685754466874893
198	10127622	16007391	0.0964780758364925	0.112166081257815
198	123631	126689157	-0.0653077876867855	-0.0576620456973283
198	10127622	24856436	-0.0493949295037963	0.0025959875246673
198	10127622	126689157	-0.0084109216883725	0.001817484702487
198	25227436	16007391	0.0174972673842677	0.0370546470072939
198	25227436	54761306	-0.0324117004880147	0.0168894339295392
198	25227436	126689157	0.013221197986272	0.0251973123343145
198	25227436	118693659	0.0325909310110626	0.0622047866392345
198	25227436	5330286	-0.0106363955439024	0.0193121016170385
198	25227436	10127622	0.0718110630729081	0.109095727991684
198	5330286	131634760	-0.0236675333958716	-0.0130669770898933
198	5330286	86661883	-0.0205580278881172	-0.0113224519688632
198	5330286	49846579	-0.0329961680182586	-0.0251018251602522
198	208908	11626560	-0.0190991928925583	0.0328340410563342
198	3062316	11707110	-0.0300179594566012	0.036603390826671
198	5330286	10127622	0.0245709423738583	0.0360248995600761
198	25227436	16007391	0.0736082396667776	0.0877412078779472
198	25227436	54761306	-0.0469342864202665	0.0063095242489421
198	25227436	126689157	-0.059219369661916	-0.0443478909601738
198	25227436	118693659	0.0714415396387988	0.0956672131544865
198	25227436	5330286	0.0437177710893437	0.0678418259655009
198	25227436	10127622	0.0721453325119954	0.107965483204736
198	5330286	131634760	-0.0332906229399484	-0.0200782927430376
198	5330286	86661883	-0.0443472697535154	-0.0294983797869737
198	5330286	49846579	-0.0297106023626101	-0.0229259504049897
198	208908	11626560	-0.0376757132224509	0.0137005068079841
198	3062316	11707110	0.0227765900228402	0.082723415393958
198	5330286	10127622	0.0708286559889201	0.0802248742310087
198	25227436	16007391	0.0295837494404874	0.0460133589579013
198	25227436	54761306	-0.0459335147133674	0.008931626017282
198	25227436	126689157	-0.0067871151498193	0.00546152763336
198	25227436	118693659	0.0823573904045728	0.104411341219587
198	25227436	5330286	0.001880735135611	0.0345351426388787
198	25227436	10127622	0.0135664737950966	0.0581389653265345
198	5330286	131634760	-0.0132179985793219	-0.0017315882927335
198	5330286	86661883	-0.0461881285435028	-0.0320359313003843
198	5330286	49846579	-0.0242122274680237	-0.0165404619380158
198	208908	11626560	-0.0040812076641476	0.0463676685710275
198	3062316	11707110	-0.0376455242434797	0.0236801667578637
198	5330286	10127622	0.051042200682517	0.0606566019980098
198	118693659	24856436	-0.0116636179555865	0.056812064009009
198	118693659	131634760	-0.0565666203296741	-0.0421782641514098
198	118693659	54761306	0.0453775229201497	0.0937613693737453
198	118693659	16007391	0.0063202635309934	0.0381323796720825
198	118693659	49846579	-0.0576456141461674	-0.0456411076854334
198	118693659	86661883	0.006752852152554	0.0222051116591043
198	118693659	10127622	-0.0276959068001194	0.0219555496382148
198	68289010	131634760	0.036899262871544	0.0454328579708061
198	68289010	86661883	-0.000913796302951046	0.0112378695998566
198	68289010	49846579	-0.0455947900291687	-0.0324702451999592
198	10127622	54761306	0.0137685723002031	0.0438710301896975
198	10127622	16007391	0.0807519810468478	0.102564661518074
198	123631	126689157	-0.0823459588632099	-0.0753084660255852
198	10127622	24856436	-0.0362640024147497	0.0042306915087535
198	10127622	126689157	-0.0084564859347006	0.0049010589268304
198	118693659	24856436	-0.0258112179091421	0.0443858341068068
198	118693659	131634760	0.0082357607907271	0.020186554387493
198	118693659	54761306	0.0597109286323939	0.108212795523999
198	118693659	16007391	0.0256074401339205	0.0531073393120441
198	118693659	49846579	-0.0298174867489974	-0.0178969101046138
198	118693659	86661883	0.0531377759928125	0.0652398940948674
198	118693659	10127622	0.0196899373513004	0.0669282836204619
198	68289010	131634760	0.0155874409266869	0.0256247926108863
198	68289010	86661883	0.0017818867510456	0.0117536207607885
198	68289010	49846579	-0.0336255901817193	-0.0228573566583295
198	10127622	54761306	0.0373588457760174	0.0633887550293846
198	10127622	16007391	0.0624232372508184	0.0795600885412026
198	123631	126689157	-0.0886896939708792	-0.0814629457353387
198	10127622	24856436	-0.069245124298053	-0.0152855148376849
198	10127622	126689157	0.0077445708082682	0.0186303148588574
198	118693659	24856436	-0.0257600902194955	0.0471818784101522
198	118693659	131634760	-0.027355233096522	-0.0094306082837432
198	118693659	54761306	0.0503435620637083	0.0983480428552434
198	118693659	16007391	0.0295062136741239	0.0483621080668256
198	118693659	49846579	-0.0448814940522925	-0.029840093603756
198	118693659	86661883	0.04475578967739	0.0573979194906363
198	118693659	10127622	0.0495750399630484	0.0918070281617252
198	68289010	131634760	-0.000976578633026769	0.0129661117215733
198	68289010	86661883	0.0011271665830471	0.0167188881653168
198	68289010	49846579	-0.0494651158085918	-0.0364058832194816
198	10127622	54761306	0.0248132858041432	0.0438894397023428
198	10127622	16007391	0.0224477932817315	0.0466819596718304
198	123631	126689157	-0.0918337860853045	-0.0846730377489944
198	10127622	24856436	-0.0531325922099892	-0.0123139075545375
198	10127622	126689157	-0.0108412337601029	0.0057764801188085
198	25227436	16007391	0.0168544177812381	0.0440663277364477
198	25227436	54761306	-0.0425532460537964	0.0177526388216945
198	25227436	126689157	-0.0543112894846136	-0.0364982635044233
198	25227436	118693659	0.0291527816651145	0.0663422846586381
198	25227436	5330286	0.0868623574590024	0.120036582835822
198	25227436	10127622	0.127351882324091	0.172491104785745
198	5330286	131634760	0.0015823200314369	0.0195816976967533
198	5330286	86661883	-0.0020858191465483	0.0113092109709869
198	5330286	49846579	-0.0199249899412058	-0.0112370947255504
198	208908	11626560	-0.005328703888315	0.0546534029773526
198	3062316	11707110	0.0095620182215545	0.0657676077795588
198	5330286	10127622	0.0403585242915934	0.0556653898335384
198	208908	24964624	0.0044142672353851	0.0612167469920918
198	25227436	16007391	0.0434697023218705	0.0614948260840228
198	25227436	54761306	-0.0407499857229829	0.0203911071103019
198	25227436	126689157	-0.0255928776504141	-0.0108889424047021
198	25227436	118693659	0.0474496749328533	0.0856545818956271
198	25227436	5330286	0.0126811857112356	0.0543454001751638
198	25227436	10127622	0.112883140339054	0.158666356964016
198	5330286	131634760	-0.0255407424947897	-0.0049022054792893
198	5330286	86661883	-0.0522110874077784	-0.0302408175013211
198	5330286	49846579	-0.0197385336125534	-0.0106420608952517
198	208908	11626560	-0.0099972426220423	0.0480249110620653
198	3062316	11707110	0.0063284356766138	0.0638498745411527
198	5330286	10127622	0.0409228307807465	0.0643923968587225
198	208908	24964624	0.0146256991309076	0.0703765324052804
198	25227436	16007391	0.0015930099027116	0.0238749839348032
198	25227436	54761306	-0.0392743266840949	0.0218833002930696
198	25227436	126689157	-0.05571503602833	-0.0424425748960303
198	25227436	118693659	0.0627505463882333	0.100952549817503
198	25227436	5330286	0.0795543183032485	0.109130479502624
198	25227436	10127622	0.0875553241747808	0.135631737118742
198	5330286	131634760	-0.0200628097853859	-0.0017452993476148
198	5330286	86661883	0.0109656475832024	0.0251117660104503
198	5330286	49846579	-0.0243901983734593	-0.0150412843312002
198	208908	11626560	0.000706051793637613	0.060199937897461
198	3062316	11707110	-0.0081614933061589	0.0534197582057456
198	5330286	10127622	0.0433919075103969	0.0566060489040164
198	208908	24964624	0.0083541211351483	0.0639524406037856
198	118693659	24856436	-0.0447850524000743	0.0068551906425833
198	118693659	131634760	0.0289997465147459	0.0396007194888113
198	118693659	54761306	0.0120244630395663	0.0551754034059001
198	118693659	16007391	-0.0147074653205711	0.0054703283343452
198	118693659	49846579	-0.0157019133061871	0.0037668586312705
198	118693659	86661883	0.0110531438967558	0.0218082715799912
198	118693659	10127622	0.0151587307378366	0.047673273253814
198	68289010	131634760	-0.0212231644933298	-0.0119122355506542
198	68289010	86661883	0.0206546145666324	0.0293682139986518
198	68289010	49846579	-0.0353495791908994	-0.0192034018113863
198	10127622	54761306	-0.003809014299579	0.0262937320852761
198	10127622	16007391	0.0485597064596159	0.0704096180107039
198	123631	126689157	-0.0600357499506592	-0.0498462102161068
198	10127622	24856436	-0.0456704814292119	0.0022395361322223
198	10127622	126689157	0.0471040483054263	0.0577417131189279
198	118693659	24856436	-0.0556203443485262	-0.0036129275054487
198	118693659	131634760	0.005825926595879	0.0172510903320064
198	118693659	54761306	0.0209080674565673	0.0574209869543096
198	118693659	16007391	-0.0228713041214196	-0.0027405120096876
198	118693659	49846579	-0.0350119384996207	-0.0133666364190925
198	118693659	86661883	-0.0194037036850118	-0.0080459127802736
198	118693659	10127622	-0.0055709972379312	0.0268335504907062
198	68289010	131634760	0.001334875418429	0.0093864346912453
198	68289010	86661883	0.0114827176815982	0.0198395038598759
198	68289010	49846579	-0.0013398198170026	0.0127980912861343
198	10127622	54761306	-0.0093670480500671	0.0156309013070577
198	10127622	16007391	0.0296700986311455	0.0497128036264175
198	123631	126689157	-0.053021698512554	-0.0437614809870822
198	10127622	24856436	-0.0834054246104892	-0.0361656385689327
198	10127622	126689157	-0.0021608454769572	0.0099038416370218
198	118693659	24856436	-0.0618957260055377	-0.0155034779599778
198	118693659	131634760	-0.0309667574916661	-0.0197753026641698
198	118693659	54761306	0.0339294171297511	0.0701171161135163
198	118693659	16007391	-0.0087149939356854	0.0096315974105611
198	118693659	49846579	0.0149065657994066	0.0300043251833833
198	118693659	86661883	-0.0209320091845576	-0.003616875128635
198	118693659	10127622	0.0043525190619282	0.0393374583578715
198	68289010	131634760	0.0181174177288065	0.0255145049699313
198	68289010	86661883	0.0121070789268857	0.01922170401843
198	68289010	49846579	0.0193066765162983	0.0272123140256394
198	10127622	54761306	0.0036771898691966	0.0390953351699517
198	10127622	16007391	0.0248972558058805	0.0462531517957274
198	123631	126689157	-0.0404291199711216	-0.0327570698915995
198	10127622	24856436	-0.0251524002725567	0.0212187200302186
198	10127622	126689157	0.0298605383924629	0.0418486641337045
198	25227436	16007391	0.0314883391519213	0.0623607042850235
198	25227436	54761306	-0.0112044416422712	0.0407144233259358
198	25227436	126689157	-0.0483716795808532	-0.0273913847785494
198	25227436	118693659	0.0273587675469122	0.0615961166197325
198	25227436	5330286	0.090630063959623	0.115927960878079
198	25227436	10127622	0.108900586325766	0.145809621724925
198	5330286	131634760	0.0218567733841503	0.0318054695378427
198	5330286	86661883	0.0102734652999311	0.0206934298090458
198	5330286	49846579	-0.0055313330954738	0.0037301518004161
198	208908	11626560	-0.0450187652354296	0.0104330410327924
198	3062316	11707110	0.0414657578406702	0.100863558608874
198	5330286	10127622	0.0340017406193858	0.0563686057462928
198	208908	24964624	0.0271857910198848	0.0732913415422127
198	25227436	16007391	0.0263680159194183	0.0579687795987663
198	25227436	54761306	-0.0137895267111269	0.0348843972732427
198	25227436	126689157	-0.0103478976808226	0.0060105164497006
198	25227436	118693659	0.0141809305379922	0.0431592503740116
198	25227436	5330286	0.0390934749637761	0.0666769303299566
198	25227436	10127622	0.0926176239076962	0.125113142845603
198	5330286	131634760	0.0146789305023265	0.0249660398460662
198	5330286	86661883	-0.0306774251511682	-0.0177925410224182
198	5330286	49846579	0.0052752135930794	0.0128459601631621
198	208908	11626560	-0.0120211168512141	0.0381733839119987
198	3062316	11707110	0.0560303786900646	0.113884714920317
198	5330286	10127622	0.0201800042275998	0.041643247205694
198	208908	24964624	0.0435770858283702	0.0855352687013541
198	25227436	16007391	0.0379352474236097	0.0668663356053738
198	25227436	54761306	0.0233874062961631	0.0691199754914337
198	25227436	126689157	-0.0194281896595699	0.001293325864995
198	25227436	118693659	0.0412324060402002	0.068960383629759
198	25227436	5330286	0.0673490664706637	0.0911173812025674
198	25227436	10127622	0.0943086712095813	0.130484973379751
198	5330286	131634760	0.000672067911955501	0.0160719699258135
198	5330286	86661883	-0.0463480028138233	-0.0308476837346777
198	5330286	49846579	-0.021948921125522	-0.0135850182115199
198	208908	11626560	-0.0026103660595144	0.0505842838461601
198	3062316	11707110	0.0150610834625399	0.0742814276903751
198	5330286	10127622	0.04624985732082	0.0624715181952076
198	208908	24964624	0.0238988314224234	0.0632361204379583
198	25227436	16007391	0.0210424615716657	0.0432773385669757
198	25227436	54761306	-0.0243086745088923	0.0226209207885617
198	25227436	126689157	0.0025329793025648	0.0150095189293435
198	25227436	118693659	0.0684925387492933	0.0982246843087453
198	25227436	5330286	0.0891013190450243	0.1129839913492
198	25227436	10127622	0.0933530595600518	0.13425875196913
198	5330286	131634760	-0.0162774346942157	-0.0047567238730362
198	5330286	49846579	0.0225212817861337	0.0304486020032034
198	208908	11626560	-0.0421368510577215	0.0159099234132639
198	3062316	11707110	0.0209597951318933	0.081758219380412
198	5330286	10127622	0.0544925867756786	0.0742523553062864
198	208908	24964624	0.0271314812278654	0.0793720850558738
198	25227436	16007391	0.0261134794069856	0.0453698919188105
198	25227436	54761306	-0.0482990724726219	0.0086703067084829
198	25227436	126689157	-0.0618585140144557	-0.049600845145805
198	25227436	118693659	0.0519446105529639	0.0853978358531264
198	25227436	5330286	0.121487817412294	0.147487229181291
198	25227436	10127622	0.0894944712255194	0.133597835047684
198	5330286	131634760	0.0310313835958926	0.0421723707070087
198	5330286	49846579	0.0082490103729288	0.0201136324282637
198	208908	11626560	-0.0542164638995534	0.0098961781951832
198	3062316	11707110	-0.0099281518997331	0.0546596788365542
198	5330286	10127622	0.0756522756760334	0.0974394297651883
198	208908	24964624	-0.0093709182519986	0.0452272424191376
198	25227436	16007391	0.0306077133580632	0.0451593563986194
198	25227436	54761306	-0.0264899513589357	0.0228442158373316
198	25227436	126689157	-0.0492348424750441	-0.0298719300125288
198	25227436	118693659	0.0407650148120553	0.0690010573835052
198	25227436	5330286	0.0384149982035315	0.0695229701019853
198	25227436	10127622	0.117933200002317	0.154582069341947
198	5330286	131634760	0.0023341297759566	0.0148232096717308
198	5330286	49846579	-0.0066934109391393	0.0057347301802271
198	208908	11626560	-0.0306258915628981	0.02779914519321
198	3062316	11707110	0.0016791475566442	0.0656132163744733
198	5330286	10127622	0.016387074317519	0.0476757693503167
198	208908	24964624	0.0188345224494886	0.0706903073619197
198	118693659	24856436	-0.0607883240060601	0.0106503261471171
198	118693659	131634760	-0.0144321043137143	-0.001649398903472
198	118693659	54761306	0.0277383219992448	0.0816784836658985
198	118693659	16007391	-0.007658804952826	0.0286821116576947
198	118693659	49846579	-0.0433628616548341	-0.0135320909051618
198	118693659	10127622	0.007077208447277	0.0477444741879822
198	68289010	131634760	0.0032773137133214	0.012425256935106
198	68289010	49846579	-0.0059779779127086	0.0035908150120079
198	10127622	54761306	-0.000588802912126355	0.0347355310931825
198	10127622	16007391	0.00098759236757975	0.0343771836675208
198	123631	126689157	-0.0414082551053804	-0.0289205916925365
198	10127622	24856436	-0.0312336559602197	0.0070057040091824
198	10127622	126689157	0.0177508993405105	0.0338625362110342
198	118693659	24856436	-0.0411161493297111	0.0279695787756901
198	118693659	131634760	-0.014517413116039	-0.0021798826072106
198	118693659	54761306	-0.0025479958581628	0.0514360043959221
198	118693659	16007391	-0.021313293517796	0.0123603930521808
198	118693659	49846579	-0.0407963996260882	-0.0161568606376448
198	118693659	10127622	0.0239089038531831	0.0625655780376936
198	68289010	131634760	-0.0119802718457856	-0.0023556321014185
198	68289010	49846579	-0.0370771091551606	-0.0212240370950146
198	10127622	54761306	0.0226552488937608	0.0547787299686917
198	10127622	16007391	0.0368412650566996	0.064457931262564
198	123631	126689157	-0.0490030101306843	-0.0410353504627597
198	10127622	24856436	-0.0514175939827535	-0.000449914321864559
198	10127622	126689157	0.0248991042246025	0.0362687410167224
198	118693659	24856436	-0.0515752689803806	0.0167820362345643
198	118693659	131634760	-0.0224952476294017	-0.0104471130028496
198	118693659	54761306	0.0234043833351548	0.0705585496974296
198	118693659	16007391	-0.0484111930303646	-0.0117221397164054
198	118693659	49846579	-0.0483939461999861	-0.0250536611671142
198	118693659	10127622	0.0276384387951401	0.0643172728621788
198	68289010	131634760	-0.0224892779015861	-0.0126334083300583
198	68289010	49846579	-0.0044595274177457	0.004724708726104
198	10127622	54761306	0.0148537946151239	0.0446703796986448
198	10127622	16007391	0.0375092817717702	0.0608024207566556
198	123631	126689157	-0.0688699292588719	-0.0599381905912194
198	10127622	24856436	-0.0101302418987785	0.0282342625989424
198	10127622	126689157	-0.0130244350335808	0.0022970574623924
198	25227436	16007391	0.0310410706227939	0.0505253444486319
198	25227436	54761306	-0.0133847589569013	0.0383899255807477
198	25227436	126689157	-0.023775273575277	-0.0058973464553495
198	25227436	118693659	0.0840599436419266	0.0983438663859577
198	25227436	5330286	0.0385545325927408	0.0548771380149343
198	25227436	10127622	0.105248585441059	0.134450295860763
198	5330286	131634760	-0.0099578806182093	0.000564966446057384
198	5330286	49846579	-0.0231765236060085	-0.0151270843125913
198	208908	11626560	-0.0266660585692347	0.0320967065270429
198	3062316	11707110	-0.0084884945803803	0.0549808820662809
198	5330286	10127622	0.0153138569176764	0.0341193072566702
198	208908	24964624	0.026470843722321	0.0685886672141528
198	25227436	16007391	0.0176558827145209	0.0374179142250115
198	25227436	54761306	-0.0386090976572298	0.015016140149233
198	25227436	126689157	0.0080373783195322	0.0226254506675396
198	25227436	118693659	0.0388749902765059	0.0616298899962956
198	25227436	5330286	0.0060774623350303	0.0316505200636836
198	25227436	10127622	0.0685566455027353	0.100526848211569
198	5330286	131634760	-0.0184128411309353	-0.0028774565642268
198	5330286	49846579	-0.0150514562049421	-0.0077879120077659
198	208908	11626560	-0.0381263745855458	0.0215178375607841
198	3062316	11707110	0.000852044312517879	0.0623326562502518
198	5330286	10127622	0.0157976603161939	0.0344943582285155
198	208908	24964624	0.0234102059965262	0.0679688188856706
198	25227436	16007391	0.0329480494497494	0.0525094873161619
198	25227436	54761306	-0.010595226476804	0.0354388062183456
198	25227436	126689157	-0.0090361649325849	0.0032922000406126
198	25227436	118693659	0.059261599792347	0.0762463156690984
198	25227436	5330286	0.0058296188818694	0.029644735549805
198	25227436	10127622	0.060688940141882	0.0951816721226543
198	5330286	131634760	-0.006466227081238	0.0051097123440931
198	5330286	49846579	-0.0147227999591852	-0.0072222758779085
198	208908	11626560	-0.0400920679732667	0.0181976276268186
198	3062316	11707110	-0.0262850323699418	0.0344141176459957
198	5330286	10127622	0.0474883568533597	0.0643056168181292
198	208908	24964624	0.0280456017328219	0.0641420462825317
198	118693659	24856436	-0.0274169570349442	0.0297806510888976
198	118693659	131634760	-0.0329808421580561	-0.0203695458527393
198	118693659	54761306	-0.0049546624509309	0.0372133753246228
198	118693659	16007391	-0.0445458348845414	-0.0206501107897706
198	118693659	49846579	-0.0292172216256975	-0.0070387716715003
198	118693659	10127622	-0.0268368307732382	0.0053262255822976
198	68289010	131634760	-0.0205954295204013	-0.0127826861062179
198	68289010	49846579	-0.0081536351726523	0.0067018444168751
198	10127622	54761306	-0.0067277125029806	0.0210603769761131
198	10127622	16007391	0.0142531891303107	0.0385233165810633
198	123631	126689157	-0.0026641358819446	0.0079572630385976
198	10127622	24856436	-0.0553484235043109	-0.0097762336274862
198	10127622	126689157	0.0467626627966531	0.0575738126034491
198	118693659	24856436	-0.0568902844613393	0.0070102785717361
198	118693659	131634760	-0.0106398270544593	0.0080604869432464
198	118693659	54761306	0.0301883271970922	0.0693524977666805
198	118693659	16007391	0.0231603002880413	0.045078859955539
198	118693659	49846579	0.0202080198073803	0.0376036254633256
198	118693659	10127622	0.0083777396986708	0.0341739966178337
198	68289010	131634760	-0.0175425549946324	-0.0101094677475524
198	68289010	49846579	-0.0101084936279507	0.0021025756587385
198	10127622	54761306	-0.0114914584342442	0.0201082790675075
198	10127622	16007391	0.0116196118325754	0.0376352015978535
198	123631	126689157	-0.0520550219246909	-0.0439766689921601
198	10127622	24856436	-0.0245979789044572	0.0175444896235188
198	10127622	126689157	0.0038353395615808	0.0154780363778676
198	118693659	24856436	-0.0880106855219013	-0.0209667197214211
198	118693659	131634760	0.0075061699759748	0.0190452330444543
198	118693659	54761306	-0.0047814706307954	0.0355935399544157
198	118693659	16007391	-0.0390591500525053	-0.0117276221703751
198	118693659	49846579	0.0097713182255292	0.0317045528140863
198	118693659	10127622	0.0127263753108604	0.0416769715101002
198	68289010	131634760	-0.0218450006115325	-0.0143654130076425
198	68289010	49846579	0.000215952306947049	0.0108463441395912
198	10127622	54761306	0.022014507978635	0.0451871707449876
198	10127622	16007391	0.0385708034463284	0.0552657419644048
198	123631	126689157	-0.0714007615251444	-0.0522996442202526
198	10127622	24856436	-0.0734185469672209	-0.0240168157637083
198	10127622	126689157	-0.0066021128140607	0.0054389552726439
198	25227436	16007391	-0.0098673013527762	0.0077069955146128
198	25227436	54761306	-0.0038866904535645	0.0386857528320849
198	25227436	126689157	-0.0118936851972818	0.0013474763235259
198	25227436	118693659	0.0446900442174781	0.067453586157942
198	25227436	5330286	0.0400036747073507	0.0645370450197053
198	25227436	10127622	0.118708812644138	0.152419750829402
198	5330286	131634760	-0.052497952384859	-0.0318166866193633
198	5330286	49846579	-0.030603491152735	-0.0212985473939785
198	208908	11626560	-0.0293044413509591	0.029110410411186
198	3062316	11707110	0.0237066331445056	0.0834624206458469
198	5330286	10127622	0.0382079862676767	0.0500056983125202
198	208908	24964624	0.0071143382153691	0.0507365331391711
198	25227436	16007391	0.0159292696729287	0.0315137583753478
198	25227436	54761306	-0.0416306073599284	-1.22818656237671e-05
198	25227436	126689157	-0.0142358151593199	-0.0026982494630863
198	25227436	118693659	0.0607787907116198	0.0772085491320021
198	25227436	5330286	0.0209841540552199	0.0445833679581096
198	25227436	10127622	0.101080822831205	0.133285647688399
198	5330286	131634760	-0.0112798312369741	-0.0018771829261213
198	5330286	49846579	-0.0298682041740261	-0.0199342590866002
198	208908	11626560	-0.031150804411025	0.0262126799432185
198	3062316	11707110	0.0333860387993628	0.0922815576026619
198	5330286	10127622	0.0499850545269163	0.0641007359900705
198	208908	24964624	0.0133841326752335	0.0510285620237593
198	25227436	16007391	0.0597638382684526	0.0715536088862335
198	25227436	54761306	-0.0541989714264628	-0.0094990437219015
198	25227436	126689157	-0.0138369569841545	0.0042688505851964
198	25227436	118693659	0.0097056821452572	0.0307156295028084
198	25227436	5330286	0.0297180415259599	0.0444696619798492
198	25227436	10127622	0.129847127958257	0.156110718458032
198	5330286	131634760	-0.0094341730043624	-0.000380642841822624
198	5330286	49846579	-0.0112707525529538	-0.004468879098901
198	208908	11626560	-0.0245656981793674	0.0283010892571148
198	3062316	11707110	0.011396370034256	0.0759209815982962
198	5330286	10127622	0.0406763003942694	0.0521665682675575
198	208908	24964624	0.0145622982154678	0.0513237603991969
198	118693659	24856436	-0.0342382412481027	0.0169241986064241
198	118693659	131634760	-0.000748659417415272	0.0112637574873872
198	118693659	54761306	0.0318638426626525	0.0651037829548719
198	118693659	16007391	0.031298201396469	0.0495983692923649
198	118693659	49846579	-0.0226605130599652	-0.0075738468938043
198	118693659	10127622	0.018191529383712	0.0474518349529805
198	68289010	131634760	-0.0147640751327927	-0.0053034053320229
198	68289010	49846579	-0.047836146154061	-0.0337436396853686
198	10127622	54761306	-0.0290758024393879	0.0070855395026546
198	10127622	16007391	0.0500807578833327	0.0700852683465901
198	123631	126689157	-0.0640366678956104	-0.0509672804483822
198	10127622	24856436	-0.0301229971026141	0.0118902277887798
198	10127622	126689157	0.0129529925797955	0.0237701537240772
198	118693659	24856436	-0.0483822822251592	0.0012382105318451
198	118693659	131634760	-0.0068951641828534	0.0082724778241179
198	118693659	54761306	0.0385858486801221	0.072855887193905
198	118693659	16007391	0.026556496513657	0.0433890611998825
198	118693659	49846579	-0.0217695985425735	-0.0089473853264916
198	118693659	10127622	0.0050725660178034	0.0360392917349183
198	68289010	131634760	-0.0103368061639092	-0.0010327686801667
198	68289010	49846579	-0.0274873264405358	-0.015230244244947
198	10127622	54761306	-0.0177289728860689	0.01516945984471
198	10127622	16007391	0.0783805717055559	0.0917483244528162
198	123631	126689157	-0.0370347232607085	-0.0283445294284607
198	10127622	24856436	-0.0627459022653653	-0.0124811181461777
198	10127622	126689157	-0.000920576387575769	0.0099815578620482
198	118693659	24856436	-0.0567460780391645	-0.0039362530958749
198	118693659	131634760	-0.0209236554112077	-0.0078168256598361
198	118693659	54761306	0.0285847373391297	0.0647378453164924
198	118693659	16007391	-0.0139540553292718	0.000722455196206081
198	118693659	49846579	-0.0302075666830458	-0.0147063838656799
198	118693659	10127622	-0.0186403947061866	0.0135498063120575
198	68289010	131634760	-0.000387605777837246	0.007918789442894
198	68289010	49846579	-0.0223118131452771	-0.0107242519426044
198	10127622	54761306	-0.0329302314201414	0.000729639109147654
198	10127622	16007391	0.0316084698577204	0.0480884646787992
198	123631	126689157	-0.0400889673622602	-0.033177134232953
198	10127622	24856436	-0.0040211256897022	0.0329661284214803
198	10127622	126689157	-0.0178970588131983	-0.006910536970524
198	54761306	60749	-0.0054727741168592	0.0477153508400205
198	24856436	60749	0.0250245848119653	0.0901856301183306
198	72165232	60749	-0.0042744030911019	0.0479225721671178
198	52913813	25227436	0.0362058112495617	0.0574279351305145
198	52913813	5330286	0.0908937012159293	0.108094913972517
198	131634760	60749	-0.0134327455753988	0.0012088428659628
198	86661883	36314	0.0203604228665397	0.023865203214281
198	131634760	36314	0.0124049387924138	0.0159762491629621
198	23725625	86661883	-0.0090959248577616	0.002765893758598
198	23725625	118693659	-0.0172304819104355	0.0051744985112548
198	23725625	131634760	-0.0257263021449031	-0.0201546867945783
198	23725625	49846579	0.0015810733332412	0.0093263437812263
198	54761306	60749	-0.0193760525648386	0.0326713241394168
198	24856436	60749	0.0205638975553995	0.0866382203333096
198	72165232	60749	-0.0389453937187168	0.0143044571357856
198	52913813	25227436	0.0022283452072638	0.0270115182384361
198	52913813	5330286	0.0774020894651267	0.0977603075441648
198	131634760	60749	0.0716275255801303	0.0838910490586317
198	86661883	36314	-0.0077804909461406	0.0033987962863033
198	131634760	36314	0.00090297286516964	0.0044721018113511
198	23725625	86661883	-0.0270247283090905	-0.0169094118363474
198	23725625	118693659	-0.0295492216923049	-0.0052626340994365
198	23725625	131634760	-0.0171078637474862	-0.0118542892125978
198	23725625	49846579	-0.0097338218705497	0.001728976427493
198	54761306	10339178	0.0409499186565548	0.0504577338125295
198	131634760	208908	-0.0077949248486166	0.0156589866136451
198	135151360	36462	0.0906421612215741	0.109515582102815
198	86661883	208908	0.0046574028798934	0.0248174171550638
198	24856436	104842	-0.0708457175031189	-0.00051412400747935
198	72165232	3385	-0.004063749392213	0.0283539265257641
198	72165232	24856436	0.060216420754493	0.125578627549731
198	51001932	24866313	0.178817373677109	0.214976445655425
198	208908	10127622	0.0182165622926465	0.0560487026796823
198	11626560	10127622	-0.0229760862400133	0.0078045057959593
198	86661883	60749	-0.0018783079245308	0.0089035514786783
198	72165232	104842	0.0212520760438437	0.0729577765746043
198	11626560	3062316	0.0183196148478464	0.0630165023291968
198	49846579	208908	-0.0130499898650724	0.0023414339878243
198	54761306	10339178	0.0109393530135758	0.0226056740675654
198	131634760	208908	0.0260608535170204	0.041484403986669
198	135151360	36462	0.114085829052673	0.130312672912732
198	86661883	208908	0.0144035216308933	0.0343214887850443
198	24856436	104842	-0.0418237465560582	0.0274023780262608
198	72165232	3385	-0.0251614446460737	0.0038177994337378
198	72165232	24856436	0.0756406804853505	0.134119281294544
198	51001932	24866313	0.0840302752064923	0.126556551076109
198	208908	10127622	0.0200551192213627	0.0572129688904781
198	11626560	10127622	0.0130612273904277	0.0374716762526585
198	86661883	60749	-0.0188885293062074	-0.0100040407428339
198	72165232	104842	0.0115256668849481	0.0634216724989493
198	11626560	3062316	0.0303676213567125	0.0753734249784119
198	49846579	208908	0.0048633572851868	0.0169496237857986
198	54761306	10339178	0.0267473838684944	0.036363322243097
198	131634760	208908	0.0410168545041278	0.0542280895707911
198	135151360	36462	0.113308489298691	0.136504529938314
198	86661883	208908	-0.0055850304534754	0.0128000940522532
198	24856436	104842	0.0013882642815813	0.0679417628600138
198	72165232	3385	0.0174854660015748	0.0465293357834105
198	72165232	24856436	0.0791539755463741	0.143731282647773
198	51001932	24866313	0.133432266849851	0.170436233882665
198	208908	10127622	0.0206378868351001	0.0580829190161983
198	11626560	10127622	-0.0175995366859913	0.0163361151549999
198	86661883	60749	0.0340322533433894	0.0466160487887997
198	72165232	104842	0.0163710614427759	0.0680378690170814
198	11626560	3062316	0.0181255325182417	0.0681385636725129
198	49846579	208908	-0.0065226823992066	0.0135807767147653
198	54761306	60749	0.0099529861084781	0.0616910265861535
198	24856436	60749	-0.0077984000295838	0.0591077101940945
198	72165232	60749	0.0260038934337524	0.0773875947462301
198	52913813	25227436	-0.0106596654941561	0.0080245673081624
198	52913813	5330286	0.0960789416488221	0.108105773625743
198	131634760	60749	0.0172867912070345	0.0354817697750433
198	86661883	36314	-0.000809033091975012	0.0092116221977416
198	131634760	36314	-0.0391961144888246	-0.0352779915045474
198	23725625	86661883	-0.0095147149424259	-0.0038667516469397
198	23725625	118693659	-0.0306969906839149	-0.0180080593681391
198	23725625	131634760	-0.0382589842630711	-0.032332993538044
198	23725625	49846579	0.0026216302075027	0.0085277542010913
198	54761306	60749	-0.0030770748491782	0.0505147192092092
198	24856436	60749	0.0190652893448743	0.0845126343761658
198	72165232	60749	0.0234585238011726	0.0746009318957857
198	52913813	25227436	-0.0010144088027066	0.0139058655263998
198	52913813	5330286	0.0714203590460038	0.0837099985108416
198	131634760	60749	-0.0127130175264141	0.0017004271709464
198	86661883	36314	0.0088820342944113	0.0169684209515985
198	131634760	36314	-0.0253151563344258	-0.0214347956197337
198	23725625	86661883	-0.0221320378944983	-0.0164019440085005
198	23725625	118693659	0.0193524609666322	0.0307516079133084
198	23725625	131634760	-0.0325422448130272	-0.0275814735133937
198	23725625	49846579	-0.0043769712515733	0.0011151521034159
198	54761306	60749	0.035718847890413	0.0872852508425764
198	24856436	60749	0.000381203559710538	0.0676151135092701
198	72165232	60749	0.0280845229767263	0.0796049833101259
198	52913813	25227436	-0.024930378795535	-0.0081024389427919
198	52913813	5330286	0.109671050970787	0.117645462756097
198	131634760	60749	-0.0263892273693301	-0.0147704782612522
198	86661883	36314	0.0259835785209188	0.0338371093888887
198	131634760	36314	-0.0592076199232782	-0.0556218323971242
198	23725625	86661883	-0.0133906352876917	-0.0085182590520242
198	23725625	118693659	0.0071153201210936	0.0147238700715777
198	23725625	131634760	-0.0301206212721331	-0.0249073108308321
198	23725625	49846579	-0.0022444847892735	0.0030088041295323
198	54761306	10339178	-0.0348757731741823	-0.0256892354835649
198	131634760	208908	0.0205711994585404	0.038305041841219
198	135151360	36462	0.105882038229905	0.119717205314846
198	86661883	208908	0.0076869980969583	0.0375847321702397
198	24856436	104842	0.0149806169702699	0.0736344929000998
198	72165232	3385	-0.0311410780358572	-0.0089275781880443
198	72165232	24856436	0.0015916283239326	0.0631120092885794
198	51001932	24866313	0.123182044696231	0.154858357072779
198	208908	10127622	0.0123951545723644	0.0448515186414416
198	11626560	10127622	-0.0209849249748779	0.0011609140728752
198	86661883	60749	-0.0031665737194104	0.0075796438327723
198	72165232	104842	-0.000935526674850602	0.0455272318646423
198	11626560	3062316	0.018342770436657	0.062882515866642
198	49846579	208908	-0.0012852303284151	0.0101668085794342
198	54761306	10339178	-0.0163915427170644	-0.0075167266303891
198	131634760	208908	0.0258323242554969	0.0501130670365076
198	135151360	36462	0.108152839985351	0.122023740659297
198	86661883	208908	0.0213735740733351	0.0409473305860719
198	24856436	104842	0.0215642745803292	0.0798356846794236
198	72165232	3385	-0.0108817061006373	0.009986001560914
198	72165232	24856436	0.0285769513139649	0.0879690109852844
198	51001932	24866313	0.147449677770721	0.176657148536149
198	208908	10127622	0.0059419285427166	0.0349175801320655
198	11626560	10127622	0.0140138562721037	0.0306687406886407
198	86661883	60749	0.0292144308373484	0.0382498838081887
198	72165232	104842	0.0359762480248999	0.0821763821393725
198	11626560	3062316	0.0170726391617584	0.0608939547453327
198	49846579	208908	-0.0171361941124692	-0.0064321946746448
198	54761306	10339178	-0.05775948398104	-0.0471412969266786
198	131634760	208908	0.0036317340461336	0.0229192934455665
198	135151360	36462	0.0970340837185603	0.115468327968987
198	86661883	208908	0.0042852112179323	0.0289331863700703
198	24856436	104842	0.046385880478525	0.103034018837704
198	72165232	3385	-0.0174109458981807	0.0018616721118606
198	72165232	24856436	0.0330058650072837	0.0931925132735113
198	51001932	24866313	0.124250019170842	0.156721638536799
198	208908	10127622	0.0319947571985057	0.0596618123835726
198	11626560	10127622	-0.0183258911699928	0.0010369345202028
198	86661883	60749	0.0390527775947476	0.0481286169891638
198	72165232	104842	0.0334853400136546	0.0781146018173769
198	11626560	3062316	0.0179207842761987	0.0607474879337081
198	49846579	208908	-0.0263280695077672	-0.0148361110253543
198	54761306	60749	0.0016521196860094	0.0473104242117215
198	24856436	60749	0.0338383459409627	0.0931876514863145
198	72165232	60749	0.0487148930289308	0.0914761048667726
198	52913813	25227436	0.0167906095366079	0.0367787070400599
198	52913813	5330286	0.130037521510686	0.137731506284719
198	131634760	60749	0.0169050617454965	0.0314772935325573
198	86661883	36314	0.0210955379542472	0.0295044177333334
198	131634760	36314	-0.0116500797615147	-0.0075711577889206
198	23725625	86661883	0.0036912116025718	0.0104379456017744
198	23725625	118693659	-0.0289286788320703	-0.0160211442609204
198	23725625	131634760	-0.036288906795216	-0.0287553013738917
198	23725625	49846579	-0.0249629094739111	-0.0178605681844159
198	54761306	60749	0.0312642677163328	0.0746197748859312
198	24856436	60749	0.0360894100876332	0.0904818356165924
198	72165232	60749	0.0076292771464613	0.0531194759257139
198	52913813	25227436	0.0199477064478755	0.0385330161452687
198	52913813	5330286	0.0794910579921504	0.0911574359552703
198	131634760	60749	0.0192067643851567	0.0286320964340545
198	86661883	36314	0.0161160179150029	0.0306036891930153
198	131634760	36314	-0.0504174186625932	-0.0466717530670755
198	23725625	86661883	-0.013085609527996	-0.0066460621999866
198	23725625	118693659	-0.0314269790097179	-0.0172196128928596
198	23725625	131634760	-0.0201180017975746	-0.0144280735890665
198	23725625	49846579	-0.0184908544711972	-0.0113203110274286
198	54761306	60749	0.020916808068735	0.0634983129672309
198	24856436	60749	0.0183115110473113	0.0749758326290839
198	72165232	60749	-0.0178384200919538	0.0265951661547614
198	52913813	25227436	-0.0101038975430464	0.0116592661758704
198	52913813	5330286	0.0738615768609573	0.0838411873226095
198	131634760	60749	0.0327555888620924	0.046159517585457
198	86661883	36314	-0.0064039337865902	0.0057037119164123
198	131634760	36314	-0.0342836041922815	-0.0299732227029747
198	23725625	86661883	-0.000911844047094836	0.0061097624050543
198	23725625	118693659	-0.0279662375624193	-0.0185199019385172
198	23725625	131634760	-0.0175537126378881	-0.0127244007250783
198	23725625	49846579	-0.0160278290737243	-0.008528037246353
198	54761306	10339178	-0.0244824629755428	-0.0156379843193333
198	131634760	208908	0.0203070345501508	0.0337535265591288
198	135151360	36462	0.0647784330745634	0.0748490944744227
198	86661883	208908	0.0037043984211496	0.0204912430776684
198	24856436	104842	-0.0136814652305527	0.0407483460617286
198	72165232	3385	0.0370224045945789	0.0554484291879164
198	72165232	24856436	0.0474794970618982	0.103873338156339
198	51001932	24866313	0.152494463661393	0.183871278294788
198	208908	10127622	0.0482033652213716	0.0753962550776766
198	11626560	10127622	0.006628929938465	0.0286328252878723
198	86661883	60749	0.0423021220717162	0.0528844132399742
198	72165232	104842	-0.0164713266706491	0.0260463365684401
198	11626560	3062316	0.0455595459992852	0.0854412992735966
198	49846579	208908	-0.0209777818754347	-0.0097237471895038
198	54761306	10339178	-0.0116261562438847	-0.0027812620707772
198	131634760	208908	-0.0112602530967418	0.0035765318432269
198	135151360	36462	0.0732904598559858	0.0834561871914296
198	86661883	208908	-0.0132722905476843	0.0031725980654201
198	24856436	104842	-0.0181041590111424	0.0369913885662959
198	72165232	3385	0.0333421237426538	0.0527444356950015
198	72165232	24856436	0.0666422762085981	0.126395179746818
198	51001932	24866313	0.112314786475357	0.148395018690346
198	208908	10127622	0.0258633994551511	0.0586777664876862
198	11626560	10127622	-0.0392190545892165	-0.0139231703892256
198	86661883	60749	-0.0037745956871812	0.0070640366055618
198	72165232	104842	0.0517461400048231	0.0897477018543637
198	11626560	3062316	0.0544326621015312	0.0925453051951676
198	49846579	208908	-0.0053548021314469	0.0051586666053952
198	54761306	10339178	-0.0263740812258673	-0.0168742542235756
198	131634760	208908	-0.0061239371409655	0.0169569974149475
198	135151360	36462	0.0617680767375626	0.075966791638117
198	86661883	208908	0.0033803262348862	0.0211330552499082
198	24856436	104842	-0.000109514723245041	0.0559432763521143
198	72165232	3385	-0.0121123962087459	0.0090354675188527
198	72165232	24856436	0.0791227589023779	0.137398017586525
198	51001932	24866313	0.169283632858633	0.200817680816626
198	208908	10127622	0.0298688081429965	0.0563067467799247
198	11626560	10127622	-0.0246881404424521	0.0015687566558682
198	86661883	60749	0.0378887741868419	0.0509206766005023
198	72165232	104842	0.0146729294738768	0.0567772723877917
198	11626560	3062316	0.036788102767527	0.0738102679802025
198	49846579	208908	-0.0567224489994493	-0.0433945584354444
