data_cell_id	data_cell_id.1	data_cell_id.2	ri_row	ri_col	synergy_loewe
87	3385	11960529	17.18	-1.624	-13.00668918
87	3385	24856436	17.18	17.9	4.697207575
87	3385	11977753	17.18	35.351	-2.297550379
87	3385	387447	17.18	24.543	3.175946657
87	3385	3062316	17.18	0.699	3.647251855
87	3385	46926350	17.18	37.312	-6.512862903
87	3385	176870	17.18	7.478	7.09470039
87	3385	5288382	17.18	5.605	-0.019772814
87	3385	216453	17.18	17.736	5.732811952
87	3385	208908	17.18	2.036	-2.916492833
87	3385	24964624	17.18	4.289	-2.084661612
87	3385	24958200	17.18	17.019	-3.450094787
87	3385	24748204	17.18	5.171	3.156709381
87	3385	11520894	17.18	13.765	5.157444318
87	3385	16224745	17.18	48.756	-2.597137451
87	3385	9826528	17.18	29.655	0.34705765
87	3385	216239	17.18	35.08	1.532535827
87	3385	5329102	17.18	13.325	8.886461176
87	3385	5394	17.18	40.774	-1.484771194
87	3385	5311	17.18	26.219	-0.265997341
87	11960529	11977753	-1.625	35.351	-42.54180437
87	11960529	46926350	-1.625	37.312	-49.80258784
87	11960529	5288382	-1.625	5.605	-42.17957926
87	11960529	11520894	-1.625	13.765	-11.78703291
87	11960529	16224745	-1.625	48.756	-39.19465385
87	11960529	71301229	-1.625	15.133	-26.57781451
87	11960529	104842	-1.625	12.134	-80.47556219
87	11960529	216239	-1.625	35.08	-8.200788614
87	11960529	60700	-1.625	71.604	-36.06438035
87	24856436	11960529	17.901	-1.624	-44.54632865
87	24856436	11977753	17.901	35.351	4.823070627
87	24856436	387447	17.901	24.543	0.997065985
87	24856436	3062316	17.901	0.699	-5.863658476
87	24856436	46926350	17.901	37.312	-5.23573216
87	24856436	176870	17.901	7.478	0.54513563
87	24856436	5288382	17.901	5.605	1.689429844
87	24856436	208908	17.901	2.036	-14.72704739
87	24856436	24964624	17.901	4.289	-6.965450462
87	24856436	24958200	17.901	17.019	-3.410895883
87	24856436	24748204	17.901	5.171	-12.00524582
87	24856436	11520894	17.901	13.765	11.34853158
87	24856436	16224745	17.901	48.756	15.07038888
87	24856436	71301229	17.901	15.133	-10.85858012
87	24856436	9826528	17.901	29.655	6.085094702
87	24856436	104842	17.901	12.134	-0.258717812
87	24856436	216239	17.901	35.08	-1.012942881
87	24856436	60700	17.901	71.604	-3.47509611
87	11977753	46926350	35.351	37.312	2.041988462
87	11977753	16224745	35.351	48.756	7.297067899
87	11977753	71301229	35.351	15.133	-3.429182019
87	11977753	104842	35.351	12.134	1.084218483
87	11977753	216239	35.351	35.08	4.684886259
87	387447	11960529	24.662	-1.624	-68.42612469
87	387447	11977753	24.662	35.351	8.437602195
87	387447	3062316	24.662	0.699	-17.2289539
87	387447	46926350	24.662	37.312	-0.537833557
87	387447	5288382	24.662	5.605	5.122017028
87	387447	11520894	24.662	13.765	4.619667338
87	387447	16224745	24.662	48.756	-1.27882941
87	387447	71301229	24.662	15.133	-3.634997367
87	387447	104842	24.662	12.134	0.277485958
87	387447	216239	24.662	35.08	1.585868815
87	387447	60700	24.662	71.604	1.491676233
87	426756	11960529	1.026	-1.624	-2.478695948
87	426756	24856436	1.026	17.9	3.037276319
87	426756	11977753	1.026	35.351	4.21691367
87	426756	387447	1.026	24.543	7.22694383
87	426756	3062316	1.026	0.699	0.312924907
87	426756	46926350	1.026	37.312	-4.798261268
87	426756	176870	1.026	7.478	-7.204225702
87	426756	5288382	1.026	5.605	2.718687736
87	426756	216453	1.026	17.736	-0.592093368
87	426756	208908	1.026	2.036	-6.271243326
87	426756	24964624	1.026	4.289	-2.499377795
87	426756	24958200	1.026	17.019	-4.027208586
87	426756	24748204	1.026	5.171	1.134790469
87	426756	11520894	1.026	13.765	6.64391456
87	426756	16224745	1.026	48.756	0.586686335
87	426756	9826528	1.026	29.655	1.411971146
87	426756	216239	1.026	35.08	-8.113773376
87	426756	5329102	1.026	13.325	3.971058662
87	426756	5394	1.026	40.774	-3.617955582
87	426756	5311	1.026	26.219	-0.952431817
87	2907	11960529	-1.52	-1.624	-3.308690394
87	2907	24856436	-1.52	17.9	-41.51290735
87	2907	11977753	-1.52	35.351	-42.79028874
87	2907	387447	-1.52	24.543	-66.63860907
87	2907	3062316	-1.52	0.699	-6.727389766
87	2907	46926350	-1.52	37.312	-57.48428242
87	2907	176870	-1.52	7.478	-16.78267694
87	2907	5288382	-1.52	5.605	-50.76362614
87	2907	216453	-1.52	17.736	-19.85261759
87	2907	208908	-1.52	2.036	-9.050488105
87	2907	24964624	-1.52	4.289	-4.00336687
87	2907	24958200	-1.52	17.019	-26.04419673
87	2907	24748204	-1.52	5.171	-7.201791313
87	2907	11520894	-1.52	13.765	-8.789314158
87	2907	16224745	-1.52	48.756	-15.31502588
87	2907	9826528	-1.52	29.655	-34.48022003
87	2907	216239	-1.52	35.08	-9.758897989
87	2907	5329102	-1.52	13.325	-20.02040082
87	2907	5394	-1.52	40.774	-4.216626637
87	2907	5311	-1.52	26.219	-36.80439649
87	3062316	11960529	0.7	-1.624	-4.751543264
87	3062316	11977753	0.7	35.351	-10.02933998
87	3062316	46926350	0.7	37.312	-14.74547783
87	3062316	5288382	0.7	5.605	-12.41267614
87	3062316	11520894	0.7	13.765	6.031759108
87	3062316	16224745	0.7	48.756	-8.709110373
87	3062316	71301229	0.7	15.133	-17.56693418
87	3062316	104842	0.7	12.134	-16.73550469
87	3062316	216239	0.7	35.08	4.617218049
87	3062316	60700	0.7	71.604	-15.20921322
87	5743	11960529	-12.136	-1.624	-8.181395559
87	5743	24856436	-12.136	17.9	-51.90311217
87	5743	11977753	-12.136	35.351	-47.75331999
87	5743	387447	-12.136	24.543	-69.93089032
87	5743	3062316	-12.136	0.699	-25.36450107
87	5743	46926350	-12.136	37.312	-59.87971972
87	5743	176870	-12.136	7.478	-24.91073579
87	5743	5288382	-12.136	5.605	-49.35479801
87	5743	216453	-12.136	17.736	-28.89300821
87	5743	208908	-12.136	2.036	-19.99755797
87	5743	24964624	-12.136	4.289	-13.64996062
87	5743	24958200	-12.136	17.019	-34.49060298
87	5743	24748204	-12.136	5.171	-17.35858819
87	5743	11520894	-12.136	13.765	-22.60086103
87	5743	16224745	-12.136	48.756	-38.28246811
87	5743	9826528	-12.136	29.655	-34.3712669
87	5743	216239	-12.136	35.08	-9.896116739
87	5743	5329102	-12.136	13.325	-19.66110394
87	5743	5394	-12.136	40.774	-15.50804851
87	5743	5311	-12.136	26.219	-42.57819337
87	46926350	16224745	37.312	48.756	-4.618322061
87	31703	11960529	50.819	-1.624	-38.29628117
87	31703	24856436	50.819	17.9	-2.586968606
87	31703	11977753	50.819	35.351	-0.237041449
87	31703	387447	50.819	24.543	-1.965307312
87	31703	3062316	50.819	0.699	-19.3901845
87	31703	46926350	50.819	37.312	-2.885895169
87	31703	176870	50.819	7.478	-7.406112427
87	31703	5288382	50.819	5.605	-2.282641734
87	31703	216453	50.819	17.736	-12.57557125
87	31703	208908	50.819	2.036	-23.35105365
87	31703	24964624	50.819	4.289	-15.52163813
87	31703	24958200	50.819	17.019	-8.37005271
87	31703	24748204	50.819	5.171	-22.99567487
87	31703	11520894	50.819	13.765	-2.71541192
87	31703	16224745	50.819	48.756	2.861646666
87	31703	9826528	50.819	29.655	0.367924074
87	31703	216239	50.819	35.08	-5.468644513
87	31703	5329102	50.819	13.325	-12.09998856
87	31703	5394	50.819	40.774	-6.396297093
87	31703	5311	50.819	26.219	2.868680306
87	176870	11960529	7.55	-1.624	-21.39798012
87	176870	11977753	7.55	35.351	0.693658168
87	176870	387447	7.55	24.543	1.947709524
87	176870	3062316	7.55	0.699	0.855008989
87	176870	46926350	7.55	37.312	-16.41695809
87	176870	5288382	7.55	5.605	0.889383426
87	176870	11520894	7.55	13.765	9.906737641
87	176870	16224745	7.55	48.756	0.384761217
87	176870	71301229	7.55	15.133	-6.276231171
87	176870	9826528	7.55	29.655	5.154132683
87	176870	104842	7.55	12.134	-0.428721052
87	176870	216239	7.55	35.08	4.027400759
87	176870	60700	7.55	71.604	2.686113304
87	36462	11960529	21.617	-1.624	-42.6608455
87	36462	24856436	21.617	17.9	2.910719968
87	36462	11977753	21.617	35.351	-2.690187921
87	36462	387447	21.617	24.543	-0.128403972
87	36462	3062316	21.617	0.699	-12.85810818
87	36462	46926350	21.617	37.312	-2.841403925
87	36462	176870	21.617	7.478	3.960487707
87	36462	5288382	21.617	5.605	0.604015426
87	36462	208908	21.617	2.036	-15.38699446
87	36462	24964624	21.617	4.289	0.733530635
87	36462	24958200	21.617	17.019	-0.415971901
87	36462	24748204	21.617	5.171	-1.97256307
87	36462	11520894	21.617	13.765	2.446542515
87	36462	16224745	21.617	48.756	0.737186919
87	36462	9826528	21.617	29.655	2.474069016
87	36462	216239	21.617	35.08	-2.33771979
87	36462	5329102	21.617	13.325	-9.298545055
87	36462	5394	21.617	40.774	-4.50213383
87	36462	5311	21.617	26.219	3.998597633
87	5288382	11977753	5.63	35.351	3.619351677
87	5288382	46926350	5.63	37.312	-2.802645615
87	5288382	16224745	5.63	48.756	-2.615924646
87	5288382	71301229	5.63	15.133	-12.53971696
87	5288382	104842	5.63	12.134	-1.313641412
87	5288382	216239	5.63	35.08	-0.473842872
87	5288382	60700	5.63	71.604	-0.240768051
87	60750	11960529	85.071	-1.624	-13.8695641
87	60750	24856436	71.7555	17.9	0.424530215
87	60750	11977753	85.071	35.351	2.184090281
87	60750	387447	85.071	24.543	-2.4872039
87	60750	3062316	85.071	0.699	-1.137485978
87	60750	46926350	85.071	37.312	-2.752568955
87	60750	176870	85.071	7.478	-6.510095353
87	60750	5288382	85.071	5.605	-3.269019718
87	60750	208908	85.071	2.036	-15.10782973
87	60750	24964624	85.071	4.289	-5.109579728
87	60750	24958200	85.071	17.019	-3.261710888
87	60750	24748204	85.071	5.171	-4.733907853
87	60750	11520894	85.071	13.765	-2.448541869
87	60750	16224745	71.7555	48.756	2.237871876
87	60750	9826528	85.071	29.655	-1.566313045
87	60750	216239	85.071	35.08	-4.019571215
87	60750	5329102	85.071	13.325	-7.461501603
87	60750	5394	85.071	40.774	-7.632704728
87	216453	11960529	17.736	-1.624	-24.09062328
87	216453	24856436	16.4005	17.9	3.568051774
87	216453	11977753	17.736	35.351	0.454806409
87	216453	387447	17.736	24.543	2.649560159
87	216453	3062316	17.736	0.699	5.122482479
87	216453	46926350	17.736	37.312	-8.360871588
87	216453	176870	17.736	7.478	3.484990508
87	216453	36462	17.736	21.609	-7.097212656
87	216453	5288382	17.736	5.605	7.957233685
87	216453	60750	17.736	85.099	-3.161781244
87	216453	208908	17.736	2.036	-3.219964056
87	216453	24964624	17.736	4.289	-2.333781425
87	216453	24958200	17.736	17.019	1.70940253
87	216453	24748204	17.736	5.171	1.655805988
87	216453	11520894	16.4005	13.765	10.19353425
87	216453	16224745	17.736	48.756	4.641844408
87	216453	71301229	17.736	15.133	-10.93791349
87	216453	9826528	17.736	29.655	10.07710757
87	216453	104842	17.736	12.134	-7.210511585
87	216453	216239	17.736	35.08	1.020695703
87	216453	5329102	17.736	13.325	6.239874938
87	216453	5394	17.736	40.774	-0.727770628
87	216453	60700	17.736	71.604	1.591898146
87	216453	5311497	17.736	14.241	-0.039034848
87	216453	5311	17.736	26.219	3.860166515
87	208908	11960529	2.045	-1.624	-12.89629029
87	208908	11977753	2.045	35.351	-24.10369092
87	208908	387447	2.045	24.543	-14.96164774
87	208908	3062316	2.045	0.699	-5.174319312
87	208908	46926350	2.045	37.312	-14.79832684
87	208908	176870	2.045	7.478	-5.725254553
87	208908	5288382	2.045	5.605	-7.607875408
87	208908	24964624	2.045	4.289	5.432641263
87	208908	24958200	2.045	17.019	-5.436935323
87	208908	24748204	2.045	5.171	4.079642912
87	208908	11520894	2.045	13.765	1.046114104
87	208908	16224745	2.045	48.756	-16.47442397
87	208908	71301229	2.045	15.133	-14.89780133
87	208908	9826528	2.045	29.655	-16.68871391
87	208908	104842	2.045	12.134	-9.17745385
87	208908	216239	2.045	35.08	3.965489418
87	208908	60700	2.045	71.604	-14.33390824
87	4091	11960529	1.618	-1.624	-7.784409252
87	4091	24856436	1.618	17.9	-20.39191916
87	4091	11977753	1.618	35.351	-28.91240045
87	4091	387447	1.618	24.543	-26.93437407
87	4091	3062316	1.618	0.699	-8.997416272
87	4091	46926350	1.618	37.312	-23.24374877
87	4091	176870	1.618	7.478	-22.21049205
87	4091	5288382	1.618	5.605	-37.07903381
87	4091	216453	1.618	17.736	-8.928279499
87	4091	208908	1.618	2.036	-8.310103169
87	4091	24964624	1.618	4.289	-0.657091006
87	4091	24958200	1.618	17.019	-23.09331035
87	4091	24748204	1.618	5.171	-3.951289033
87	4091	11520894	1.618	13.765	-0.410107475
87	4091	16224745	1.618	48.756	-25.20639554
87	4091	9826528	1.618	29.655	-22.26892446
87	4091	216239	1.618	35.08	-32.75959478
87	4091	5329102	1.618	13.325	-23.01419312
87	4091	5394	1.618	40.774	-12.31151342
87	4091	5311	1.618	26.219	-33.09359886
87	126941	11960529	28.082	-1.624	-43.60186753
87	126941	24856436	28.082	17.9	-4.864616674
87	126941	11977753	28.082	35.351	-9.059686463
87	126941	387447	28.082	24.543	-4.590753038
87	126941	3062316	28.082	0.699	-29.42756546
87	126941	46926350	28.082	37.312	-6.414766906
87	126941	176870	28.082	7.478	-15.11645585
87	126941	5288382	28.082	5.605	-8.179760487
87	126941	216453	28.082	17.736	-12.32968848
87	126941	208908	28.082	2.036	-22.57166011
87	126941	24964624	28.082	4.289	-9.185430217
87	126941	24958200	28.082	17.019	-8.837246192
87	126941	24748204	28.082	5.171	-36.77803525
87	126941	11520894	28.082	13.765	-10.31796028
87	126941	16224745	28.082	48.756	-5.006623123
87	126941	9826528	28.082	29.655	-6.034948821
87	126941	216239	28.082	35.08	-5.391668087
87	126941	5329102	28.082	13.325	-8.050171316
87	126941	5394	28.082	40.774	-10.76524266
87	126941	5311	28.082	26.219	-10.01667429
87	5746	11960529	25.756	-1.624	-42.19890186
87	5746	24856436	25.756	17.9	6.695093293
87	5746	11977753	25.756	35.351	11.5416276
87	5746	387447	25.756	24.543	5.048635048
87	5746	3062316	25.756	0.699	-7.539378128
87	5746	46926350	25.756	37.312	4.863188884
87	5746	176870	25.756	7.478	-8.435899704
87	5746	5288382	25.756	5.605	6.064429602
87	5746	216453	25.756	17.736	-7.817584761
87	5746	208908	25.756	2.036	-12.07622892
87	5746	24964624	25.756	4.289	1.580618962
87	5746	24958200	25.756	17.019	4.446815514
87	5746	24748204	25.756	5.171	-9.861516524
87	5746	11520894	25.756	13.765	12.72767794
87	5746	16224745	25.748	48.756	1.645057663
87	5746	9826528	25.756	29.655	9.993383276
87	5746	216239	25.756	35.08	-13.48074459
87	5746	5329102	25.756	13.325	5.083152069
87	5746	5394	25.756	40.774	4.498345243
87	5746	5311	25.756	26.219	11.06091423
87	24964624	11960529	4.289	-1.624	-6.361172443
87	24964624	11977753	4.289	35.351	-15.36474962
87	24964624	387447	4.289	24.543	-20.64277853
87	24964624	3062316	4.289	0.699	0.871516987
87	24964624	46926350	4.289	37.312	-7.576622936
87	24964624	176870	4.289	7.478	1.307577454
87	24964624	5288382	4.289	5.605	-3.731778694
87	24964624	11520894	4.289	13.765	2.385351827
87	24964624	16224745	4.289	48.756	-9.38192475
87	24964624	71301229	4.289	15.133	-12.95922031
87	24964624	9826528	4.289	29.655	-11.20829009
87	24964624	104842	4.289	12.134	0.327990984
87	24964624	216239	4.289	35.08	6.025874277
87	24964624	60700	4.289	71.604	-22.29368784
87	59691338	3385	-1.35	17.179	-1.238069385
87	59691338	11960529	-1.35	-1.624	-1.564769332
87	59691338	24856436	-1.35	17.9	-18.17741752
87	59691338	11977753	-1.35	35.351	-23.14491915
87	59691338	387447	-1.35	24.543	-26.23171332
87	59691338	426756	-1.35	1.001	-2.887292269
87	59691338	2907	-1.35	-1.52	1.943508569
87	59691338	3062316	-1.35	0.699	-8.026593956
87	59691338	5743	-1.35	-12.135	-13.19015199
87	59691338	46926350	-1.35	37.312	-23.44171774
87	59691338	31703	-1.35	50.819	-34.65341126
87	59691338	176870	-1.35	7.478	-2.157426701
87	59691338	36462	-1.35	21.609	-14.25573135
87	59691338	5288382	-1.35	5.605	-16.74362452
87	59691338	60750	-1.35	85.099	-8.972734369
87	59691338	216453	-1.35	17.736	-6.883245429
87	59691338	208908	-1.35	2.036	0.530396952
87	59691338	4091	-1.35	1.618	-5.81273966
87	59691338	126941	-1.35	28.08	-30.94996697
87	59691338	5746	-1.35	25.756	-12.77060192
87	59691338	24964624	-1.35	4.289	-3.818951152
87	59691338	24958200	-1.35	17.019	-11.30336144
87	59691338	24748204	-1.35	5.171	-1.06306314
87	59691338	11520894	-1.35	13.765	-6.893443318
87	59691338	16224745	-1.35	48.756	-16.27160097
87	59691338	56841621	-1.35	7.843	-1.954968134
87	59691338	71301229	-1.35	15.133	-12.41386656
87	59691338	36314	-1.35	23.795	-20.54909745
87	59691338	9826528	-1.35	29.655	-18.34607479
87	59691338	104842	-1.35	12.134	-46.13798632
87	59691338	216239	-1.35	35.08	-0.842769892
87	59691338	5329102	-1.35	13.325	-1.01426398
87	59691338	5394	-1.35	40.774	-3.605786122
87	59691338	60700	-1.35	71.604	-24.69051597
87	59691338	241903	-1.35	20.508	-44.59762474
87	59691338	5311497	-1.35	14.241	-22.02641226
87	59691338	5311	-1.35	26.219	-21.64753141
87	24958200	11960529	17.082	-1.624	-25.68852999
87	24958200	11977753	17.082	35.351	-0.015344024
87	24958200	387447	17.082	24.543	3.506069811
87	24958200	3062316	17.082	0.699	-7.426357461
87	24958200	46926350	17.082	37.312	-5.177391011
87	24958200	176870	17.082	7.478	-1.388518241
87	24958200	5288382	17.082	5.605	-0.437865479
87	24958200	24964624	17.082	4.289	-6.887316729
87	24958200	11520894	17.082	13.765	-1.344097282
87	24958200	16224745	17.08	48.756	-7.869505907
87	24958200	71301229	17.082	15.133	-9.085373464
87	24958200	9826528	17.082	29.655	-2.292446364
87	24958200	104842	17.08	12.236	5.895751487
87	24958200	216239	17.082	35.08	-2.15431596
87	24958200	60700	17.082	71.604	3.140827624
87	24748204	11960529	5.214	-1.624	-4.852696188
87	24748204	11977753	5.214	35.351	-12.73447512
87	24748204	387447	5.214	24.543	-13.27564698
87	24748204	3062316	5.214	0.699	-2.702628619
87	24748204	46926350	5.214	37.312	-25.69370482
87	24748204	176870	5.214	7.478	4.570306745
87	24748204	5288382	5.214	5.605	-1.043824877
87	24748204	24964624	5.214	4.289	0.787651716
87	24748204	24958200	5.214	17.019	3.60235493
87	24748204	11520894	5.214	13.765	0.480826658
87	24748204	16224745	5.214	48.756	-11.03953881
87	24748204	71301229	5.214	15.133	-5.307562681
87	24748204	9826528	5.214	29.655	-10.90528379
87	24748204	104842	5.214	12.134	-15.80038927
87	24748204	216239	5.214	35.08	8.102306839
87	24748204	60700	5.214	71.604	-0.761565317
87	11520894	11977753	13.765	35.351	19.61799094
87	11520894	46926350	13.765	37.312	-1.957878766
87	11520894	5288382	13.765	5.605	7.406357847
87	11520894	16224745	13.765	48.756	13.91294196
87	11520894	71301229	13.765	15.133	-5.736448884
87	11520894	104842	13.765	12.134	-4.981041715
87	11520894	216239	13.765	35.08	8.521190246
87	11520894	60700	13.765	71.604	3.148069054
87	56841621	3385	7.843	17.179	2.299096785
87	56841621	11960529	7.843	-1.624	-14.09594414
87	56841621	24856436	7.843	17.9	0.085654419
87	56841621	11977753	7.843	35.351	-2.557259752
87	56841621	387447	7.843	24.543	5.553195628
87	56841621	426756	7.843	1.001	-2.826654515
87	56841621	2907	7.843	-1.52	-15.61728789
87	56841621	3062316	7.843	0.699	-4.325698515
87	56841621	5743	7.843	-12.135	-20.80469414
87	56841621	46926350	7.843	37.312	-9.186276968
87	56841621	31703	7.843	50.819	-9.932817764
87	56841621	176870	7.843	7.478	1.326874658
87	56841621	36462	7.843	21.609	-2.737071207
87	56841621	5288382	7.843	5.605	-12.38625715
87	56841621	60750	7.843	85.099	-6.019093744
87	56841621	216453	7.843	17.736	-1.206933988
87	56841621	208908	7.843	2.036	4.398105862
87	56841621	4091	7.843	1.618	-3.722085431
87	56841621	126941	7.843	28.08	-15.12851875
87	56841621	5746	7.843	25.756	-9.112384515
87	56841621	24964624	7.843	4.289	-2.717152364
87	56841621	24958200	7.843	17.019	-3.686733224
87	56841621	24748204	7.843	5.171	-2.737378956
87	56841621	11520894	7.843	13.765	3.514695167
87	56841621	16224745	7.843	48.756	-0.428649132
87	56841621	71301229	7.843	15.133	-14.32854601
87	56841621	36314	7.843	23.795	12.09916493
87	56841621	9826528	7.843	29.655	-4.340670923
87	56841621	104842	7.843	12.134	-2.569445206
87	56841621	216239	7.843	35.08	2.838259774
87	56841621	5329102	7.843	13.325	-2.179779212
87	56841621	5394	7.843	40.774	-0.627584907
87	56841621	60700	7.843	71.604	3.253879401
87	56841621	241903	7.843	24.2675	5.610871178
87	56841621	5311497	7.843	14.241	9.095471847
87	56841621	5311	7.843	26.219	-13.29703694
87	71301229	46926350	15.143	37.312	-12.1667979
87	71301229	16224745	15.143	48.756	-8.855310571
87	71301229	216239	15.143	35.08	-15.58326596
87	36314	11960529	23.795	-1.624	-59.15110992
87	36314	24856436	23.795	17.9	-0.410251657
87	36314	11977753	23.795	35.351	-0.562189922
87	36314	387447	23.795	24.543	0.896926289
87	36314	3062316	23.795	0.699	-9.432133316
87	36314	46926350	23.795	37.312	2.622021624
87	36314	176870	23.795	7.478	6.102714627
87	36314	5288382	23.795	5.605	4.630071777
87	36314	216453	23.795	17.736	0.700832433
87	36314	208908	23.795	2.036	-3.568453709
87	36314	24964624	23.795	4.289	-13.57544459
87	36314	24958200	23.795	17.019	-3.965428859
87	36314	24748204	23.795	5.171	-8.958155402
87	36314	11520894	23.795	13.765	2.017168185
87	36314	16224745	23.795	48.756	1.007658002
87	36314	9826528	23.795	29.655	7.876945507
87	36314	216239	23.795	35.08	5.635069549
87	36314	5329102	23.795	13.325	4.55493025
87	36314	5394	23.795	40.774	-2.278574232
87	36314	5311	23.795	26.219	3.548486621
87	9826528	11960529	29.655	-1.624	-34.95682891
87	9826528	11977753	29.655	35.351	6.775438631
87	9826528	387447	29.655	24.543	2.719362532
87	9826528	3062316	29.655	0.699	2.066556459
87	9826528	46926350	29.655	37.312	-5.808810583
87	9826528	5288382	29.655	5.605	1.756987473
87	9826528	11520894	29.655	13.765	8.149887157
87	9826528	16224745	29.655	48.756	-0.80600843
87	9826528	71301229	29.655	15.133	-10.24205877
87	9826528	104842	29.655	12.134	-6.393862075
87	9826528	216239	29.655	35.08	7.724617839
87	9826528	60700	29.655	71.604	2.227286219
87	104842	46926350	12.456	37.312	-7.298911677
87	104842	16224745	12.456	48.756	-3.53842484
87	104842	216239	12.456	35.08	0.656415617
87	216239	46926350	35.082	37.312	2.583422612
87	216239	16224745	35.082	48.756	-4.728380609
87	5329102	11960529	13.328	-1.624	-17.72666355
87	5329102	24856436	13.328	17.9	2.023985173
87	5329102	11977753	13.328	35.351	1.676085985
87	5329102	387447	13.328	24.543	2.392336116
87	5329102	3062316	13.328	0.699	6.047672392
87	5329102	46926350	13.328	37.312	0.178907972
87	5329102	176870	13.328	7.478	7.51428736
87	5329102	5288382	13.328	5.605	3.766569344
87	5329102	208908	13.328	2.036	-2.976790767
87	5329102	24964624	13.328	4.289	4.366704085
87	5329102	24958200	13.328	17.019	-4.310499911
87	5329102	24748204	13.328	5.171	0.689587883
87	5329102	11520894	13.328	13.765	18.72894817
87	5329102	16224745	13.328	48.756	-1.112850992
87	5329102	71301229	13.328	15.133	-12.14903924
87	5329102	9826528	13.328	29.655	14.62551081
87	5329102	104842	13.328	12.134	5.564560873
87	5329102	216239	13.328	35.08	-1.127821535
87	5329102	5394	13.328	40.774	-5.199471262
87	5329102	60700	13.328	71.604	-5.75958432
87	5394	11960529	40.773	-1.624	-3.331104503
87	5394	24856436	40.773	17.9	-2.334855495
87	5394	11977753	40.773	35.351	2.860433419
87	5394	387447	40.773	24.543	-0.984796562
87	5394	3062316	40.773	0.699	-3.766534086
87	5394	46926350	40.773	37.312	-8.225845007
87	5394	176870	40.773	7.478	-0.167660053
87	5394	5288382	40.773	5.605	-4.117559171
87	5394	208908	40.773	2.036	-4.161105182
87	5394	24964624	40.773	4.289	-4.841566491
87	5394	24958200	40.773	17.017	6.822503504
87	5394	24748204	40.773	5.171	-6.329481761
87	5394	11520894	40.773	13.765	6.173573208
87	5394	16224745	40.773	48.756	1.053194627
87	5394	71301229	40.773	15.133	-5.636263771
87	5394	9826528	40.773	29.655	9.483868674
87	5394	104842	40.773	12.134	-8.4607574
87	5394	216239	40.773	35.08	-1.028019098
87	5394	60700	40.773	71.604	-5.277384215
87	60700	11977753	71.603	35.351	3.796496617
87	60700	46926350	71.603	37.312	-1.625321702
87	60700	16224745	71.603	48.756	-2.865208765
87	60700	216239	71.603	35.08	3.323785511
87	241903	11960529	19.524	-1.624	-85.70035907
87	241903	24856436	19.524	17.9	-4.654908935
87	241903	11977753	19.524	35.351	4.605714849
87	241903	387447	19.524	24.543	0.838798857
87	241903	3062316	19.524	0.699	-17.47343528
87	241903	46926350	19.524	37.312	-5.873958769
87	241903	176870	19.524	7.478	4.129120973
87	241903	5288382	19.524	5.605	-6.26722308
87	241903	216453	19.524	17.736	2.689145038
87	241903	208908	19.524	2.036	-20.31431215
87	241903	24964624	19.524	4.289	-8.005046145
87	241903	24958200	19.524	17.019	-7.965003801
87	241903	24748204	19.524	5.171	-8.806134128
87	241903	11520894	19.524	13.765	-4.037560312
87	241903	16224745	19.524	48.756	-3.600000919
87	241903	9826528	19.524	29.655	-1.381491282
87	241903	216239	19.524	35.08	4.878292125
87	241903	5329102	19.524	13.325	-6.061936651
87	241903	5394	19.524	40.774	-13.53920211
87	241903	5311	19.524	26.219	-5.970806042
87	5311497	11960529	14.417	-1.624	-28.07536898
87	5311497	24856436	14.417	17.9	-1.888501335
87	5311497	11977753	14.417	35.351	5.06602862
87	5311497	387447	14.417	24.543	-3.36405352
87	5311497	3062316	14.417	0.699	-13.23471356
87	5311497	46926350	14.417	37.312	-3.099588882
87	5311497	176870	14.417	7.478	-1.031562473
87	5311497	5288382	14.417	5.605	2.812090034
87	5311497	208908	14.417	2.036	-16.32822537
87	5311497	24964624	14.417	4.289	7.747136777
87	5311497	24958200	14.417	17.019	-3.313585321
87	5311497	24748204	14.417	5.171	-20.10123548
87	5311497	11520894	14.417	13.765	5.298710715
87	5311497	16224745	14.417	48.756	-0.85212625
87	5311497	9826528	14.417	29.655	-0.026388509
87	5311497	216239	14.417	35.08	3.437216581
87	5311497	5329102	14.417	13.325	3.945908114
87	5311497	5394	14.417	40.774	-3.18157336
87	5311497	5311	14.417	26.219	2.591988176
87	5311	11960529	26.22	-1.624	-38.34663907
87	5311	24856436	26.22	17.9	1.75362328
87	5311	11977753	26.22	35.351	3.701116841
87	5311	387447	26.22	24.543	8.184837736
87	5311	3062316	26.22	0.699	-5.48456459
87	5311	46926350	26.22	37.312	-7.072509797
87	5311	176870	26.22	7.478	6.585600407
87	5311	5288382	26.22	5.605	-0.079620677
87	5311	60750	26.22	85.099	2.715235691
87	5311	208908	26.22	2.036	-15.69179818
87	5311	24964624	26.22	4.289	-5.613687231
87	5311	24958200	26.22	17.019	-2.257930293
87	5311	24748204	26.22	5.171	-7.356619793
87	5311	11520894	26.22	13.765	2.171393809
87	5311	16224745	26.22	48.756	3.041429334
87	5311	71301229	26.22	15.133	-5.609427949
87	5311	9826528	26.22	29.655	9.306068574
87	5311	104842	26.22	12.134	1.905647755
87	5311	216239	26.22	35.08	-1.85398043
87	5311	5329102	26.22	13.325	0.536428112
87	5311	5394	26.22	40.774	1.726403519
87	5311	60700	26.22	71.604	2.519025314
