MASTER_CELL_ID	Drug1_pub	Drug2_pub	Bliss_matrix	HSA_matrix
217	54761306	23725625	0.003232342	0.024377869
217	24856436	23725625	-0.077708376	-0.028572972
217	24856436	54761306	-0.047479282	0.016840376
217	16007391	23725625	-0.05788156	-0.016862904
217	16007391	54761306	-0.111534536	-0.07222398
217	16007391	24856436	-0.017315822	0.006557211
217	118502708	24856436	-0.077888391	-0.036035848
217	135151360	23725625	-0.056073063	-0.029520812
217	118502708	54761306	-0.0473705	-0.021773323
217	118502708	16007391	-0.017303066	0.00066048
217	135151360	24856436	-0.004141467	0.025377862
217	135151360	118502708	0.008941308	0.031269222
217	135151360	54761306	0.041201777	0.062469856
217	135151360	16007391	0.033869095	0.061493154
217	46700756	23725625	-0.097874661	-0.071426728
217	46700756	54761306	0.042569584	0.072017638
217	46700756	24856436	0.071960633	0.145527606
217	46700756	118502708	-0.092717784	-0.031483007
217	46700756	135151360	-0.046386448	0.007569089
217	46700756	104842	0.003051535	0.067674171
217	104842	23725625	0.016097724	0.035468175
217	31703	135151360	0.017346948	0.059152312
217	90132565	23725625	-0.043365003	-0.023622396
217	104842	118502708	-0.018526682	0.011810004
217	3082962	23725625	-0.023678606	-0.003572361
217	131634760	24856436	-0.00366696	0.028744498
217	131634760	118502708	0.012788841	0.040999115
217	131634760	54761306	0.015119336	0.035178197
217	131634760	16007391	-0.025323099	0.008952264
217	131634760	135151360	-0.009481928	0.026579364
217	131634760	25227436	-0.04684673	-0.018572924
217	131634760	52913813	-0.011126396	0.041800099
217	131634760	10127622	-0.014666116	0.034143381
217	131634760	49846579	-0.077069512	-0.027346269
217	86661883	54761306	-0.080599958	-0.026486948
217	86661883	24856436	0.05092041	0.080680976
217	86661883	118502708	0.006982828	0.052143159
217	86661883	25227436	-0.103291949	-0.041482441
217	86661883	16007391	0.005995376	0.043732136
217	86661883	135151360	-0.015173824	0.029161389
217	86661883	10127622	0.032817551	0.064190181
217	86661883	52913813	0.095948883	0.139906694
217	49846579	54761306	-0.043206183	-0.012237113
217	49846579	24856436	0.03747672	0.066945565
217	49846579	16007391	-0.065209076	-0.017651651
217	49846579	118502708	-0.074594163	-0.018006152
217	49846579	135151360	-0.047442084	-0.003515909
217	49846579	25227436	-0.069575271	-0.023340095
217	49846579	52913813	0.008110729	0.034101641
217	11707110	51001932	0.151451455	0.230687138
217	49846579	24771867	-0.00493442	0.035883147
217	49846579	10127622	-0.046933475	-0.018233876
217	46700756	104842	0.021245412	0.087132253
217	25227436	16007391	-0.0011617198595978	0.0346059423838159
217	25227436	54761306	-0.0196684006548472	0.01819815026972
217	25227436	126689157	-0.0397611678907658	-0.0129613467890733
217	25227436	118693659	-0.0016800924335532	0.0224499866524478
217	25227436	5330286	0.0102270320842441	0.0627626287116772
217	25227436	10127622	0.0271994177133847	0.0886650134084035
217	5330286	131634760	0.0346083334940086	0.0626292608563232
217	5330286	49846579	0.0075298830643396	0.0237177348521638
217	208908	11626560	0.0031975575938423	0.038305741134451
217	3062316	11707110	-0.0416154943786768	0.0228372402227845
217	5330286	10127622	-0.0271557345706429	0.0065431654195789
217	208908	24964624	0.032037319026341	0.0678801686594475
217	118693659	24856436	-0.0122831213390734	0.0143558575178107
217	118693659	131634760	-0.0146156222605376	0.0020932713467399
217	118693659	54761306	-0.0123671683729601	0.0062775552682608
217	118693659	16007391	-0.0374484861222346	-0.0133460105669616
217	118693659	49846579	-0.0287776245986344	-0.0121720657771898
217	118693659	10127622	-0.0290410620450173	-0.0054862181517443
217	68289010	131634760	0.0058309530338674	0.0292626080974969
217	68289010	49846579	-0.056594668821357	-0.032771252968327
217	10127622	54761306	0.0147809283095944	0.0392625332958448
217	10127622	16007391	-0.0447220468011071	-0.0172590404789438
217	123631	126689157	-0.059430704475637	-0.0403781036678174
217	10127622	24856436	0.0173076075771048	0.0527895024525378
217	10127622	126689157	-0.0115159612849558	0.0095567794284519
217	54761306	10339178	-0.0712574882899193	-0.0489772185325405
217	131634760	208908	-0.0437232536741396	-0.0170689600692976
217	135151360	36462	0.0609590086255358	0.0840695758686964
217	86661883	208908	0.0400742492372588	0.076243882669879
217	24856436	104842	-0.0274522413671149	0.0338430145644607
217	72165232	3385	-0.0290282135728517	-0.010865948967818
217	72165232	24856436	0.0034638045592563	0.0291153655087313
217	51001932	24866313	0.138949647042429	0.185987872854034
217	208908	10127622	-0.0191103578444075	0.0225816146549408
217	11626560	10127622	0.0341520645993342	0.0850550359245731
217	86661883	60749	-0.0067811675236548	0.0376436678360434
217	72165232	104842	-0.0051223587226895	0.0252290776178335
217	11626560	3062316	0.0574997951709814	0.119473550795236
217	49846579	208908	-0.0465586533522841	-0.0280429687682946
217	54761306	60749	-0.0294309819903072	0.001647464557828
217	24856436	60749	0.0106284587949737	0.0375736636996408
217	72165232	60749	-0.0219846061738997	0.006963923426155
217	52913813	25227436	-0.0436462377020146	0.0200983559929654
217	52913813	5330286	0.0170040743382701	0.061961408557586
217	131634760	60749	-0.0603776026640668	-0.0293786729886515
217	86661883	36314	0.19228878990962	0.275962203895787
217	131634760	36314	-0.0046856659999551	0.017297575573
217	23725625	86661883	-0.102448748912226	-0.079455164459944
217	23725625	118693659	-0.104014408038047	-0.0760772092220083
217	23725625	131634760	-0.0496200258721148	-0.0326888884508167
217	23725625	49846579	-0.029011278000019	-0.0135787604605189
217	54761306	60749	-0.0164723655599573	0.0056622527293101
217	24856436	60749	-0.0237025983038504	0.0192117686830305
217	72165232	60749	-0.0197074720572628	0.0059617290585228
217	52913813	25227436	-0.0178490303913566	0.0458631449003562
217	52913813	5330286	0.0466238293048584	0.0806382605656366
217	131634760	60749	-0.0833978778531492	-0.0491297250068329
217	86661883	36314	0.167502007695936	0.259377763461999
217	131634760	36314	0.0315457965947072	0.0536103719337362
217	23725625	86661883	-0.0558965501083517	-0.0287889331093861
217	23725625	118693659	-0.0505873334486781	-0.034060537350293
217	23725625	131634760	-0.0531639916937227	-0.0365459208630567
217	23725625	49846579	-0.0427053108570206	-0.025256188928668
